-1.925000000000000044e+00 1.396096249085012531e+01 2.287648342019859074e-02
-1.825000000000000178e+00 1.375344856555408235e+01 0.000000000000000000e+00
-1.725000000000000089e+00 1.376557193792192102e+01 2.248494403985790147e-02
-1.625000000000000000e+00 1.401657615770957754e+01 3.290395887812335579e-02
-1.525000000000000133e+00 1.445118371595683371e+01 4.079188822796656066e-02
-1.425000000000000044e+00 1.521042949821254453e+01 4.745529572883527142e-02
-1.324999999999999956e+00 1.633719207406103990e+01 5.343891226078361506e-02
-1.225000000000000089e+00 1.771768971361356293e+01 5.878572093797696657e-02
-1.125000000000000000e+00 1.944552869467968748e+01 6.386979536149366143e-02
-1.025000000000000133e+00 2.142343054260324209e+01 6.850630381700889560e-02
-9.250000000000000444e-01 2.364077037552487681e+01 7.281565818705820758e-02
-8.249999999999999556e-01 2.587002095849516436e+01 7.712605588761976827e-02
-7.249999999999999778e-01 2.769631126051505277e+01 8.102684133425268331e-02
-6.250000000000000000e-01 2.892799446327622093e+01 8.441333196812690620e-02
-5.250000000000000222e-01 2.953206396186707750e+01 8.786594841782643939e-02
-4.250000000000000444e-01 2.957260094982261833e+01 9.137784907321823413e-02
-3.249999999999999556e-01 2.943969462602572662e+01 9.469597641901685015e-02
-2.249999999999999778e-01 2.907357601402646807e+01 9.801011688376215503e-02
-1.250000000000000000e-01 2.858129078202950168e+01 1.010418772459957121e-01
-2.500000000000002220e-02 2.784224244684325100e+01 1.042487250541176552e-01
7.499999999999995559e-02 2.668697447153822466e+01 1.074505831631349245e-01
1.750000000000000444e-01 2.506590906087776816e+01 1.107328825860715155e-01
2.750000000000001332e-01 2.282586335037954228e+01 1.140972968171957980e-01
3.750000000000002220e-01 2.005565281731140459e+01 1.168192024105794841e-01
4.750000000000000888e-01 1.702383367757808941e+01 1.191618755430286641e-01
5.749999999999999556e-01 1.411778628340223030e+01 1.216762814134088322e-01
6.750000000000000444e-01 1.125872918274160384e+01 1.239562026930843830e-01
7.750000000000001332e-01 8.758478964330643990e+00 1.261046617364041389e-01
8.750000000000002220e-01 6.569054999696035679e+00 1.282554306647716025e-01
9.750000000000000888e-01 4.723834323842363681e+00 1.303009285828765629e-01
1.074999999999999956e+00 3.341442524730763974e+00 1.324033538642167829e-01
1.175000000000000044e+00 2.143342942885023916e+00 1.345488296894110924e-01
1.275000000000000133e+00 1.176922632350395848e+00 1.366915029591121156e-01
1.375000000000000222e+00 5.819121244093888867e-01 1.386747936050305441e-01
1.475000000000000089e+00 2.152067830520659752e-01 1.407686158610230720e-01
1.574999999999999956e+00 2.161142584748596690e-02 1.428059278480887651e-01
1.675000000000000044e+00 0.000000000000000000e+00 1.447995856650054758e-01
1.775000000000000133e+00 2.590985256894726141e-01 1.468244605988028029e-01
1.875000000000000000e+00 5.268443164275055102e-01 1.488715630723821681e-01
