-1.925000000000000044e+00 1.461755983917906043e+01 2.268832677914698129e-02
-1.825000000000000178e+00 1.438055868398888215e+01 0.000000000000000000e+00
-1.725000000000000089e+00 1.446518353384854727e+01 2.240183758388291854e-02
-1.625000000000000000e+00 1.475386713476404132e+01 3.268091335092818128e-02
-1.525000000000000133e+00 1.531645902939114379e+01 4.057179738273597458e-02
-1.425000000000000044e+00 1.617927421890095019e+01 4.729232941183923733e-02
-1.324999999999999956e+00 1.727934760874525466e+01 5.346275084654830007e-02
-1.225000000000000089e+00 1.853391582241409097e+01 5.865663990067860462e-02
-1.125000000000000000e+00 2.032569104509254032e+01 6.391611551849553374e-02
-1.025000000000000133e+00 2.215101967540622852e+01 6.860902125352098813e-02
-9.250000000000000444e-01 2.399600872376149141e+01 7.265417583649536049e-02
-8.249999999999999556e-01 2.587704300836120552e+01 7.813378124556503990e-02
-7.249999999999999778e-01 2.652965470073583987e+01 8.115837274728317230e-02
-6.250000000000000000e-01 2.668012100445179158e+01 8.491244627309821325e-02
-5.250000000000000222e-01 2.662533747069941725e+01 8.850546877146943381e-02
-4.250000000000000444e-01 2.645830119224305577e+01 9.193957298350453888e-02
-3.249999999999999556e-01 2.622704353886123840e+01 9.516815588288887739e-02
-2.249999999999999778e-01 2.589526130419442751e+01 9.837289229271635460e-02
-1.250000000000000000e-01 2.548104540995042910e+01 1.013933779736145152e-01
-2.500000000000002220e-02 2.511202874102964344e+01 1.043531174151423602e-01
7.499999999999995559e-02 2.444116112370500460e+01 1.074069930614481999e-01
1.750000000000000444e-01 2.359730772684264366e+01 1.103113732665654823e-01
2.750000000000001332e-01 2.232225393162227789e+01 1.136193578562500472e-01
3.750000000000002220e-01 2.032810723399522246e+01 1.166726706491077736e-01
4.750000000000000888e-01 1.796913431987766430e+01 1.194958402822601240e-01
5.749999999999999556e-01 1.540285077110275580e+01 1.219786263368222712e-01
6.750000000000000444e-01 1.274439700769549333e+01 1.242546936067664559e-01
7.750000000000001332e-01 1.026442017985725919e+01 1.265523533662061273e-01
8.750000000000002220e-01 8.127519033063892451e+00 1.286744202917176894e-01
9.750000000000000888e-01 6.201929951321060841e+00 1.308623995268061446e-01
1.074999999999999956e+00 4.561972125541996270e+00 1.329432785123238203e-01
1.175000000000000044e+00 3.341191858247580804e+00 1.349676474952677396e-01
1.275000000000000133e+00 2.353786568440790372e+00 1.371182518261483407e-01
1.375000000000000222e+00 1.464137373148193699e+00 1.392906291662792950e-01
1.475000000000000089e+00 7.594659241033887564e-01 1.412988301694324822e-01
1.574999999999999956e+00 2.473494385728931544e-01 1.432986554873062757e-01
1.675000000000000044e+00 5.601815332581630558e-02 1.452854360675863710e-01
1.775000000000000133e+00 2.981963025394600286e-02 1.473472140760899718e-01
1.875000000000000000e+00 0.000000000000000000e+00 1.493685026866696797e-01
