-1.925000000000000044e+00 1.243813288428416719e+01 2.262370035465775114e-02
-1.825000000000000178e+00 1.240318123430105501e+01 0.000000000000000000e+00
-1.725000000000000089e+00 1.244969326834028145e+01 2.279354620871494597e-02
-1.625000000000000000e+00 1.269327699411692834e+01 3.300356171068202782e-02
-1.525000000000000133e+00 1.317541446718034770e+01 4.090635970058712628e-02
-1.425000000000000044e+00 1.395173614901768921e+01 4.764029459391277976e-02
-1.324999999999999956e+00 1.499256446817742727e+01 5.366837058121891324e-02
-1.225000000000000089e+00 1.620738984236626834e+01 5.882565885831488040e-02
-1.125000000000000000e+00 1.783814398471356810e+01 6.383338003274013905e-02
-1.025000000000000133e+00 1.979590695889067575e+01 6.862605743785449297e-02
-9.250000000000000444e-01 2.184532612700991905e+01 7.291754999079901045e-02
-8.249999999999999556e-01 2.386043984766927650e+01 7.708771611911292843e-02
-7.249999999999999778e-01 2.558880286035144280e+01 8.094702696061423230e-02
-6.250000000000000000e-01 2.674961721042861740e+01 8.447127686132709090e-02
-5.250000000000000222e-01 2.716130676528718979e+01 8.788219754002390971e-02
-4.250000000000000444e-01 2.731291753120839161e+01 9.131785388686067262e-02
-3.249999999999999556e-01 2.726861007084291089e+01 9.469976357441695081e-02
-2.249999999999999778e-01 2.703900172283999481e+01 9.796995300162247844e-02
-1.250000000000000000e-01 2.657071412369613839e+01 1.011421724841070069e-01
-2.500000000000002220e-02 2.591957368879605283e+01 1.042486488548194784e-01
7.499999999999995559e-02 2.494710005653006846e+01 1.073177916210528021e-01
1.750000000000000444e-01 2.370277860718097429e+01 1.103950043680443915e-01
2.750000000000001332e-01 2.181975301638700060e+01 1.141287802297674125e-01
3.750000000000002220e-01 1.908783252293870447e+01 1.170764549692018403e-01
4.750000000000000888e-01 1.616925707129538736e+01 1.192143070789303677e-01
5.749999999999999556e-01 1.334957978317241079e+01 1.218254865007841609e-01
6.750000000000000444e-01 1.054506433146243793e+01 1.240561112352417533e-01
7.750000000000001332e-01 8.110165148115678235e+00 1.262488459578791078e-01
8.750000000000002220e-01 5.991974734945917369e+00 1.284156537003536824e-01
9.750000000000000888e-01 4.223428706325253579e+00 1.305204017379883175e-01
1.074999999999999956e+00 2.831453587677316364e+00 1.325751657212544676e-01
1.175000000000000044e+00 1.751109020931859162e+00 1.346471188080979320e-01
1.275000000000000133e+00 9.398785444688523283e-01 1.367793456398717356e-01
1.375000000000000222e+00 3.802751096967935118e-01 1.388547726867117305e-01
1.475000000000000089e+00 1.481847515802147026e-02 1.409091194647563994e-01
1.574999999999999956e+00 0.000000000000000000e+00 1.429022500712398003e-01
1.675000000000000044e+00 4.155147125739541009e-02 1.449510333196906142e-01
1.775000000000000133e+00 3.602200315855287327e-01 1.469750738967236792e-01
1.875000000000000000e+00 6.856604724198898104e-01 1.489988322950504818e-01
