-1.925000000000000044e+00 1.418128466998414794e+01 3.289492012924447734e-02
-1.825000000000000178e+00 1.396195026448446441e+01 2.256765543676740246e-02
-1.725000000000000089e+00 1.394602352161775016e+01 0.000000000000000000e+00
-1.625000000000000000e+00 1.416994604337630648e+01 2.249506288108428162e-02
-1.525000000000000133e+00 1.466463984651265307e+01 3.289695925854734665e-02
-1.425000000000000044e+00 1.543109035337480961e+01 4.088347462162753715e-02
-1.324999999999999956e+00 1.646647895017678564e+01 4.772481922648510316e-02
-1.225000000000000089e+00 1.770593204145530919e+01 5.359379523940811796e-02
-1.125000000000000000e+00 1.930801147269183460e+01 5.919824535717308628e-02
-1.025000000000000133e+00 2.102142678610593762e+01 6.405685420221782223e-02
-9.250000000000000444e-01 2.289868457991215678e+01 6.881462849747535526e-02
-8.249999999999999556e-01 2.462233243277916017e+01 7.314219384635718690e-02
-7.249999999999999778e-01 2.587032460325983863e+01 7.736051956683133446e-02
-6.250000000000000000e-01 2.630073379413769175e+01 8.099983300192978297e-02
-5.250000000000000222e-01 2.653619466572449070e+01 8.469836534440049192e-02
-4.250000000000000444e-01 2.660455956895113161e+01 8.823394163990025407e-02
-3.249999999999999556e-01 2.649191653661993584e+01 9.173375225252689003e-02
-2.249999999999999778e-01 2.624564421951720661e+01 9.499330682947694504e-02
-1.250000000000000000e-01 2.589212111943048811e+01 9.819616092360369808e-02
-2.500000000000002220e-02 2.537824229411677734e+01 1.013743976546636200e-01
7.499999999999995559e-02 2.461937361691187220e+01 1.044439954380296520e-01
1.750000000000000444e-01 2.356979015341878281e+01 1.076154200616300377e-01
2.750000000000001332e-01 2.192151636641223433e+01 1.112222098331809156e-01
3.750000000000002220e-01 1.947193825112517729e+01 1.143260818501035253e-01
4.750000000000000888e-01 1.668525533522245041e+01 1.167692368026070210e-01
5.749999999999999556e-01 1.386861619492078468e+01 1.192746315801190976e-01
6.750000000000000444e-01 1.122234350210398546e+01 1.216764092135566022e-01
7.750000000000001332e-01 8.746825981598544075e+00 1.238794070068938852e-01
8.750000000000002220e-01 6.621064112792879541e+00 1.261682554205204032e-01
9.750000000000000888e-01 4.850628588831201959e+00 1.282868918636789202e-01
1.074999999999999956e+00 3.326737304922481986e+00 1.303803530554497325e-01
1.175000000000000044e+00 2.164493283643087018e+00 1.325046920271523987e-01
1.275000000000000133e+00 1.283197135546789047e+00 1.346201007750322531e-01
1.375000000000000222e+00 6.643874988480978905e-01 1.367556346685673552e-01
1.475000000000000089e+00 2.226997535777221204e-01 1.388063926514003787e-01
1.574999999999999956e+00 1.236164150259638946e-02 1.408537156949206115e-01
1.675000000000000044e+00 0.000000000000000000e+00 1.428905944566997155e-01
1.775000000000000133e+00 2.352192715896085362e-01 1.449284208713624289e-01
1.875000000000000000e+00 5.582028178832920684e-01 1.469895822153467757e-01
