-1.925000000000000044e+00 1.436744483664975824e+01 3.310459194594616433e-02
-1.825000000000000178e+00 1.413617504852451745e+01 2.254741250462845986e-02
-1.725000000000000089e+00 1.409271290529048315e+01 0.000000000000000000e+00
-1.625000000000000000e+00 1.434100334175159652e+01 2.243849911156417867e-02
-1.525000000000000133e+00 1.487831083829725820e+01 3.270877425967382013e-02
-1.425000000000000044e+00 1.577293378377599886e+01 4.074158825866030370e-02
-1.324999999999999956e+00 1.696012917891490446e+01 4.754988917302525181e-02
-1.225000000000000089e+00 1.842257483310033805e+01 5.372499185712374670e-02
-1.125000000000000000e+00 2.001141682567358870e+01 5.898757680207866033e-02
-1.025000000000000133e+00 2.180883623384395520e+01 6.403899642371983780e-02
-9.250000000000000444e-01 2.365550500098141384e+01 6.863913350486838816e-02
-8.249999999999999556e-01 2.551584967854833863e+01 7.303130176255274997e-02
-7.249999999999999778e-01 2.699766736324421856e+01 7.706607224417574842e-02
-6.250000000000000000e-01 2.779697820323163171e+01 8.047494110316778804e-02
-5.250000000000000222e-01 2.825649719017316741e+01 8.433646715966057472e-02
-4.250000000000000444e-01 2.823976078873372941e+01 8.795393425570557921e-02
-3.249999999999999556e-01 2.809519504114328825e+01 9.139978866684796144e-02
-2.249999999999999778e-01 2.773922329198495618e+01 9.479459158556223508e-02
-1.250000000000000000e-01 2.719216466329811510e+01 9.799810554009050212e-02
-2.500000000000002220e-02 2.648868723048376239e+01 1.011180689441518593e-01
7.499999999999995559e-02 2.554816271659405658e+01 1.043674104318394608e-01
1.750000000000000444e-01 2.418532172297682337e+01 1.075374880123154131e-01
2.750000000000001332e-01 2.240803954415023114e+01 1.107343619313072985e-01
3.750000000000002220e-01 1.998945156425108038e+01 1.142488668167398469e-01
4.750000000000000888e-01 1.706214021942800940e+01 1.166242736348635511e-01
5.749999999999999556e-01 1.420362334193761100e+01 1.190378811334919101e-01
6.750000000000000444e-01 1.149788649742537672e+01 1.214441859341401503e-01
7.750000000000001332e-01 9.040515406913364416e+00 1.237088632062192384e-01
8.750000000000002220e-01 6.806683882632396987e+00 1.259258825579776531e-01
9.750000000000000888e-01 5.036856234269699861e+00 1.279678266898582328e-01
1.074999999999999956e+00 3.542002726768348708e+00 1.301401397763986278e-01
1.175000000000000044e+00 2.421417107691229642e+00 1.323016564690919772e-01
1.275000000000000133e+00 1.438809536523941279e+00 1.344369811886193533e-01
1.375000000000000222e+00 8.441159059542622245e-01 1.365182219314382550e-01
1.475000000000000089e+00 3.743145900807409165e-01 1.386224637867039255e-01
1.574999999999999956e+00 7.717774071372117406e-02 1.406922729414820383e-01
1.675000000000000044e+00 0.000000000000000000e+00 1.427154056332491094e-01
1.775000000000000133e+00 1.175335408320167113e-01 1.447560662350509952e-01
1.875000000000000000e+00 2.823507054362741076e-01 1.468666216758001686e-01
