-1.925000000000000044e+00 1.325300063946296802e+01 2.241107822277210032e-02
-1.825000000000000178e+00 1.310428195159715870e+01 0.000000000000000000e+00
-1.725000000000000089e+00 1.325521382658590852e+01 2.252780249083045569e-02
-1.625000000000000000e+00 1.366268202433854384e+01 3.309647988527379681e-02
-1.525000000000000133e+00 1.422263269752351000e+01 4.093473301342918230e-02
-1.425000000000000044e+00 1.505013031803027346e+01 4.754100551636893102e-02
-1.324999999999999956e+00 1.624439439188915912e+01 5.358205721114484704e-02
-1.225000000000000089e+00 1.778539304208494087e+01 5.906303904693658430e-02
-1.125000000000000000e+00 1.957070407386833821e+01 6.400164022151516585e-02
-1.025000000000000133e+00 2.159680868066799775e+01 6.856184588978124494e-02
-9.250000000000000444e-01 2.381157685232960475e+01 7.299770417472146999e-02
-8.249999999999999556e-01 2.589161647998404803e+01 7.719932575140399378e-02
-7.249999999999999778e-01 2.748926213087186810e+01 8.106805899535526883e-02
-6.250000000000000000e-01 2.842540449209392150e+01 8.427558321855735390e-02
-5.250000000000000222e-01 2.909570686461293931e+01 8.794704677277066784e-02
-4.250000000000000444e-01 2.917062816847726126e+01 9.148200606045703287e-02
-3.249999999999999556e-01 2.904502115583578004e+01 9.482826564219337673e-02
-2.249999999999999778e-01 2.864600296038814520e+01 9.812090185141850163e-02
-1.250000000000000000e-01 2.813234763706545394e+01 1.012240937317374911e-01
-2.500000000000002220e-02 2.737740748100157262e+01 1.043477239520655547e-01
7.499999999999995559e-02 2.612141904531556236e+01 1.078027869749970807e-01
1.750000000000000444e-01 2.436652037769886192e+01 1.109345823481902721e-01
2.750000000000001332e-01 2.230778105016805313e+01 1.137771107894891415e-01
3.750000000000002220e-01 1.985596820138749763e+01 1.172625158224445824e-01
4.750000000000000888e-01 1.677507959234943158e+01 1.194544899230514517e-01
5.749999999999999556e-01 1.378529644438205892e+01 1.219267402957446983e-01
6.750000000000000444e-01 1.096125436212409454e+01 1.241946198593270601e-01
7.750000000000001332e-01 8.451109772970847089e+00 1.263420934461327583e-01
8.750000000000002220e-01 6.309595623464942626e+00 1.285187452428494248e-01
9.750000000000000888e-01 4.591246874952992663e+00 1.306175870782516624e-01
1.074999999999999956e+00 3.049608998962671791e+00 1.327103697610338695e-01
1.175000000000000044e+00 1.917139073177544839e+00 1.347667457283338588e-01
1.275000000000000133e+00 1.087952780695187194e+00 1.368836227674027628e-01
1.375000000000000222e+00 4.895241150711436839e-01 1.389522391471691709e-01
1.475000000000000089e+00 2.047777451782231695e-01 1.409986155524197982e-01
1.574999999999999956e+00 0.000000000000000000e+00 1.430651869148390209e-01
1.675000000000000044e+00 5.290392577775369920e-02 1.450392031623848332e-01
1.775000000000000133e+00 2.987682489516445550e-01 1.471063899396280739e-01
1.875000000000000000e+00 5.254019253420387781e-01 1.491566363572448539e-01
