-1.925000000000000044e+00 1.515678667456881712e+01 2.267606084883094786e-02
-1.825000000000000178e+00 1.495634364517100501e+01 0.000000000000000000e+00
-1.725000000000000089e+00 1.503812920718819335e+01 2.237499114996081492e-02
-1.625000000000000000e+00 1.534882251440882683e+01 3.262731063846645296e-02
-1.525000000000000133e+00 1.591272901087992864e+01 4.063369867195874841e-02
-1.425000000000000044e+00 1.678157411400765042e+01 4.743029031867235928e-02
-1.324999999999999956e+00 1.786070925297784839e+01 5.336081048328029930e-02
-1.225000000000000089e+00 1.921124189434190654e+01 5.875772035641935176e-02
-1.125000000000000000e+00 2.089724867586450685e+01 6.379296036988443830e-02
-1.025000000000000133e+00 2.279608142172401841e+01 6.844858509554389847e-02
-9.250000000000000444e-01 2.479740807494523480e+01 7.285913028143882475e-02
-8.249999999999999556e-01 2.668065048084893220e+01 7.711394406807070556e-02
-7.249999999999999778e-01 2.792688514093419982e+01 8.071017417367225277e-02
-6.250000000000000000e-01 2.850263466450363836e+01 8.424544554164861698e-02
-5.250000000000000222e-01 2.877621409144725106e+01 8.788687965556817028e-02
-4.250000000000000444e-01 2.869413810017221067e+01 9.136657503799372471e-02
-3.249999999999999556e-01 2.854073060085047686e+01 9.467040779128128858e-02
-2.249999999999999778e-01 2.819794115999167161e+01 9.791312352888116577e-02
-1.250000000000000000e-01 2.771488974559232332e+01 1.010383308430752997e-01
-2.500000000000002220e-02 2.703841615353651662e+01 1.041202454138671213e-01
7.499999999999995559e-02 2.615238402062569278e+01 1.071094332998124010e-01
1.750000000000000444e-01 2.486009347431239291e+01 1.104088923277377343e-01
2.750000000000001332e-01 2.305897457631554204e+01 1.134734355525222338e-01
3.750000000000002220e-01 2.068279070741639813e+01 1.167495766909342897e-01
4.750000000000000888e-01 1.785170818416472116e+01 1.193108974444274800e-01
5.749999999999999556e-01 1.494186738601563214e+01 1.217069269772963896e-01
6.750000000000000444e-01 1.210490604435469209e+01 1.238803085906390461e-01
7.750000000000001332e-01 9.648662799736298368e+00 1.261753747232460532e-01
8.750000000000002220e-01 7.457244887850993820e+00 1.283574136926231291e-01
9.750000000000000888e-01 5.600920260615006363e+00 1.304320260996987280e-01
1.074999999999999956e+00 4.007329666498497645e+00 1.325557384409128403e-01
1.175000000000000044e+00 2.792269449969976058e+00 1.346009729644640218e-01
1.275000000000000133e+00 1.832536676203493586e+00 1.367337542771535908e-01
1.375000000000000222e+00 1.056846850114883107e+00 1.388111883463477858e-01
1.475000000000000089e+00 5.268116499258927998e-01 1.408441496268593718e-01
1.574999999999999956e+00 2.344642416170913402e-01 1.428597346308353444e-01
1.675000000000000044e+00 2.637715749499205606e-02 1.449068054171979980e-01
1.775000000000000133e+00 0.000000000000000000e+00 1.468954080973056686e-01
1.875000000000000000e+00 2.366279358264246346e-01 1.488900266430497610e-01
