-1.925000000000000044e+00 1.857625091927592464e+01 3.324085378059308399e-02
-1.825000000000000178e+00 1.832584572130299705e+01 2.279847172468858069e-02
-1.725000000000000089e+00 1.827124367711616060e+01 0.000000000000000000e+00
-1.625000000000000000e+00 1.832704211551815021e+01 2.234754631671340488e-02
-1.525000000000000133e+00 1.882149135103951565e+01 3.273924131986206271e-02
-1.425000000000000044e+00 1.952151802378836365e+01 4.077496557393057997e-02
-1.324999999999999956e+00 2.045388881874842468e+01 4.746828383691154701e-02
-1.225000000000000089e+00 2.178865333673585880e+01 5.364706456191929707e-02
-1.125000000000000000e+00 2.319867087408366046e+01 5.892717246917333201e-02
-1.025000000000000133e+00 2.483317858314158144e+01 6.389680687047927243e-02
-9.250000000000000444e-01 2.673133791118154790e+01 6.871177568069414265e-02
-8.249999999999999556e-01 2.834474506252342607e+01 7.402340017351655144e-02
-7.249999999999999778e-01 2.879283923038270032e+01 7.736973586143923443e-02
-6.250000000000000000e-01 2.914044100758039235e+01 8.128640720999073810e-02
-5.250000000000000222e-01 2.902618273503977520e+01 8.509825198634513033e-02
-4.250000000000000444e-01 2.885422235974610672e+01 8.857046806825015495e-02
-3.249999999999999556e-01 2.860103772879433137e+01 9.197881200091673204e-02
-2.249999999999999778e-01 2.822472235881458147e+01 9.532808596789400790e-02
-1.250000000000000000e-01 2.768678432901610975e+01 9.840916773634898751e-02
-2.500000000000002220e-02 2.708579649323080218e+01 1.015490732893291198e-01
7.499999999999995559e-02 2.637241740300521187e+01 1.045657360198375130e-01
1.750000000000000444e-01 2.527497879954316673e+01 1.078388562440994458e-01
2.750000000000001332e-01 2.369347049859094412e+01 1.109675937593723460e-01
3.750000000000002220e-01 2.157283534315919837e+01 1.143772147776550424e-01
4.750000000000000888e-01 1.892049784008930047e+01 1.169669005015043506e-01
5.749999999999999556e-01 1.619274535485761035e+01 1.195144750000548262e-01
6.750000000000000444e-01 1.340858088272158177e+01 1.218873524577533118e-01
7.750000000000001332e-01 1.081993993508999452e+01 1.241585052042919329e-01
8.750000000000002220e-01 8.500537895133703614e+00 1.263930755494243607e-01
9.750000000000000888e-01 6.514013950444188517e+00 1.284582912248390107e-01
1.074999999999999956e+00 4.735418660316120132e+00 1.306315858304760991e-01
1.175000000000000044e+00 3.475886642597423748e+00 1.326853785627482019e-01
1.275000000000000133e+00 2.351137174320293344e+00 1.348823236895047295e-01
1.375000000000000222e+00 1.515974144561402559e+00 1.369486801951195487e-01
1.475000000000000089e+00 9.328187728418889657e-01 1.390317269362190411e-01
1.574999999999999956e+00 4.515225400078262119e-01 1.411394146310781805e-01
1.675000000000000044e+00 1.034327937113166812e-01 1.431918506017819670e-01
1.775000000000000133e+00 0.000000000000000000e+00 1.451850328375234589e-01
1.875000000000000000e+00 6.697535444683125339e-02 1.471747838574445355e-01
