-1.925000000000000044e+00 1.505981383634715876e+01 2.232218931404113954e-02
-1.825000000000000178e+00 1.498998214106671689e+01 0.000000000000000000e+00
-1.725000000000000089e+00 1.513935338479712911e+01 2.287050541287370328e-02
-1.625000000000000000e+00 1.539178940534991114e+01 3.301061866114904375e-02
-1.525000000000000133e+00 1.594677428074293246e+01 4.107118920256842137e-02
-1.425000000000000044e+00 1.668295505596869788e+01 4.774355422101604629e-02
-1.324999999999999956e+00 1.768112143463693542e+01 5.354795017862999662e-02
-1.225000000000000089e+00 1.905100528144876648e+01 5.902674448877427704e-02
-1.125000000000000000e+00 2.067146608395589524e+01 6.404590886884949097e-02
-1.025000000000000133e+00 2.245493343304463707e+01 6.874888786795270434e-02
-9.250000000000000444e-01 2.429699823740025977e+01 7.294663136578326268e-02
-8.249999999999999556e-01 2.616075006991122720e+01 7.714240629063361110e-02
-7.249999999999999778e-01 2.767437653757209404e+01 8.097964798540185916e-02
-6.250000000000000000e-01 2.852723994137144814e+01 8.457019443724533847e-02
-5.250000000000000222e-01 2.860905738665011455e+01 8.816055987949869555e-02
-4.250000000000000444e-01 2.856876753550767134e+01 9.160243399570953959e-02
-3.249999999999999556e-01 2.831629368260466251e+01 9.494058099780612603e-02
-2.249999999999999778e-01 2.794477327425193636e+01 9.811458073655807133e-02
-1.250000000000000000e-01 2.744358076863909091e+01 1.012328978377263489e-01
-2.500000000000002220e-02 2.681323490508054874e+01 1.042941902397248322e-01
7.499999999999995559e-02 2.601597789009974449e+01 1.072700271618975132e-01
1.750000000000000444e-01 2.476817370810957186e+01 1.105988780001322530e-01
2.750000000000001332e-01 2.292403513816698180e+01 1.138067985961623979e-01
3.750000000000002220e-01 2.064542658083240667e+01 1.166955799554068030e-01
4.750000000000000888e-01 1.790282233750223639e+01 1.195189699353920859e-01
5.749999999999999556e-01 1.494134086083356472e+01 1.216916284546780136e-01
6.750000000000000444e-01 1.220948343945181414e+01 1.241255428617141221e-01
7.750000000000001332e-01 9.734991571865169391e+00 1.263321463444006809e-01
8.750000000000002220e-01 7.574671791303262403e+00 1.284798756713005641e-01
9.750000000000000888e-01 5.693539059705708283e+00 1.306441321092687846e-01
1.074999999999999956e+00 4.059527946406033649e+00 1.326977817960535433e-01
1.175000000000000044e+00 2.774170394370494730e+00 1.347587507396501016e-01
1.275000000000000133e+00 1.864953942513217555e+00 1.368194508566584477e-01
1.375000000000000222e+00 1.122744684041956820e+00 1.389594911172163938e-01
1.475000000000000089e+00 5.040380698619483235e-01 1.410471761965699788e-01
1.574999999999999956e+00 1.321629281781012133e-01 1.430337018085717782e-01
1.675000000000000044e+00 0.000000000000000000e+00 1.450356868322800474e-01
1.775000000000000133e+00 8.476839757007091636e-02 1.470242395293308024e-01
1.875000000000000000e+00 3.391257659527676105e-01 1.490860020431106769e-01
