-1.925000000000000044e+00 1.512952370737299290e+01 2.271447680458286641e-02
-1.825000000000000178e+00 1.490999935227838158e+01 0.000000000000000000e+00
-1.725000000000000089e+00 1.496971791696863185e+01 2.222046678971992609e-02
-1.625000000000000000e+00 1.544011391045750692e+01 3.274596177952956294e-02
-1.525000000000000133e+00 1.600427074818328776e+01 4.077929933123507905e-02
-1.425000000000000044e+00 1.679830718407170664e+01 4.744894407421495347e-02
-1.324999999999999956e+00 1.787891597947749744e+01 5.360936936519496154e-02
-1.225000000000000089e+00 1.878147567043158972e+01 5.865376045164381880e-02
-1.125000000000000000e+00 2.012331551256596640e+01 6.360068749067487870e-02
-1.025000000000000133e+00 2.207303207099727160e+01 6.836816118526777009e-02
-9.250000000000000444e-01 2.430092977139220523e+01 7.308375563398376851e-02
-8.249999999999999556e-01 2.625756134370205785e+01 7.695899211799381301e-02
-7.249999999999999778e-01 2.791200846721042339e+01 8.147985515569104720e-02
-6.250000000000000000e-01 2.847524891349594256e+01 8.462192661547389416e-02
-5.250000000000000222e-01 2.862447282337133458e+01 8.821904460279922366e-02
-4.250000000000000444e-01 2.864141089743196034e+01 9.167761495114870596e-02
-3.249999999999999556e-01 2.833611811263302016e+01 9.509303760537587968e-02
-2.249999999999999778e-01 2.789500000896098797e+01 9.830430255134101070e-02
-1.250000000000000000e-01 2.732298099872343400e+01 1.013885649971057040e-01
-2.500000000000002220e-02 2.649882380804580251e+01 1.045307845999522839e-01
7.499999999999995559e-02 2.555321141439919685e+01 1.073502363252689940e-01
1.750000000000000444e-01 2.421123281358124402e+01 1.107512313466962883e-01
2.750000000000001332e-01 2.200702089377783466e+01 1.146594837414649931e-01
3.750000000000002220e-01 1.944057485972541244e+01 1.168783879397884001e-01
4.750000000000000888e-01 1.678485567992018446e+01 1.197620895060770851e-01
5.749999999999999556e-01 1.388575966416974339e+01 1.221007920600880176e-01
6.750000000000000444e-01 1.103045676867689906e+01 1.243778301939302833e-01
7.750000000000001332e-01 8.543329577554771959e+00 1.265438896932194190e-01
8.750000000000002220e-01 6.415155968161578848e+00 1.286135948846134081e-01
9.750000000000000888e-01 4.616607343176849731e+00 1.307809382951702071e-01
1.074999999999999956e+00 3.203636903568516825e+00 1.328472520789016065e-01
1.175000000000000044e+00 2.081251886310774513e+00 1.349207214876661787e-01
1.275000000000000133e+00 1.283556166941853371e+00 1.370412200141969128e-01
1.375000000000000222e+00 5.822184033458088770e-01 1.391345875425718803e-01
1.475000000000000089e+00 1.652899858614178541e-01 1.411772347438099429e-01
1.574999999999999956e+00 0.000000000000000000e+00 1.431482216567742105e-01
1.675000000000000044e+00 7.283574863929402621e-02 1.452128875608505454e-01
1.775000000000000133e+00 1.520825478261436658e-01 1.472459999479125148e-01
1.875000000000000000e+00 3.040344617772006153e-01 1.492326658628188030e-01
