-1.925000000000000044e+00 1.458671198279914982e+01 0.000000000000000000e+00
-1.825000000000000178e+00 1.463546742785169563e+01 2.281756822186916181e-02
-1.725000000000000089e+00 1.464835048386835581e+01 3.328924813208650885e-02
-1.625000000000000000e+00 1.496005515670873365e+01 4.100736821627627010e-02
-1.525000000000000133e+00 1.554358477795631543e+01 4.762771162415067178e-02
-1.425000000000000044e+00 1.634173842201938953e+01 5.349796326137724184e-02
-1.324999999999999956e+00 1.737505623311666270e+01 5.879713549693270369e-02
-1.225000000000000089e+00 1.877688320577625802e+01 6.382183166981299227e-02
-1.125000000000000000e+00 2.052372992200947266e+01 6.854417325913161885e-02
-1.025000000000000133e+00 2.243998704574853420e+01 7.288982181906857039e-02
-9.250000000000000444e-01 2.444093746769601694e+01 7.689143814791686571e-02
-8.249999999999999556e-01 2.648944240292773600e+01 8.091889785805282675e-02
-7.249999999999999778e-01 2.813737241618907703e+01 8.464470341987281876e-02
-6.250000000000000000e-01 2.901010252316643800e+01 8.793391164829010564e-02
-5.250000000000000222e-01 2.907585733211064039e+01 9.144311034526417248e-02
-4.250000000000000444e-01 2.909762260636682285e+01 9.470868049430732072e-02
-3.249999999999999556e-01 2.885891509369348285e+01 9.801875928035430618e-02
-2.249999999999999778e-01 2.851301566257750508e+01 1.010652872040584127e-01
-1.250000000000000000e-01 2.805357436402696791e+01 1.041011194599083395e-01
-2.500000000000002220e-02 2.731747005256696070e+01 1.071238991752461456e-01
7.499999999999995559e-02 2.635490463933820493e+01 1.100745044144981893e-01
1.750000000000000444e-01 2.507900075705566678e+01 1.130957782565527731e-01
2.750000000000001332e-01 2.324339327248747367e+01 1.163927280001973014e-01
3.750000000000002220e-01 2.086083679936437818e+01 1.193567110868651443e-01
4.750000000000000888e-01 1.814098766114680927e+01 1.218871083683398665e-01
5.749999999999999556e-01 1.521990810973839992e+01 1.242698558630770667e-01
6.750000000000000444e-01 1.235067788159252444e+01 1.264510374578071972e-01
7.750000000000001332e-01 9.846582485787942929e+00 1.286229578221046999e-01
8.750000000000002220e-01 7.721024825029046745e+00 1.307273546666488651e-01
9.750000000000000888e-01 5.840668127277108823e+00 1.328940434338674037e-01
1.074999999999999956e+00 4.207223116014080944e+00 1.349240068924182356e-01
1.175000000000000044e+00 2.870133711369449614e+00 1.369855716897191156e-01
1.275000000000000133e+00 1.844686815885405506e+00 1.390033292748191762e-01
1.375000000000000222e+00 1.111328530197367881e+00 1.410539783857456264e-01
1.475000000000000089e+00 5.407889858296798247e-01 1.431054193245389905e-01
1.574999999999999956e+00 1.738483594215072536e-01 1.450937180084040656e-01
1.675000000000000044e+00 0.000000000000000000e+00 1.470443577973920279e-01
1.775000000000000133e+00 7.912329537102999466e-02 1.490261404945526502e-01
1.875000000000000000e+00 2.088435866046039757e-01 1.510489848823239056e-01
