-1.925000000000000044e+00 1.467011583153634291e+01 3.316352987649938411e-02
-1.825000000000000178e+00 1.446936923154655474e+01 2.257114621205282695e-02
-1.725000000000000089e+00 1.444257166867960862e+01 0.000000000000000000e+00
-1.625000000000000000e+00 1.467172509641443412e+01 2.235748803530213102e-02
-1.525000000000000133e+00 1.519166432488039398e+01 3.276138156098425125e-02
-1.425000000000000044e+00 1.596189941540913004e+01 4.084813924979129041e-02
-1.324999999999999956e+00 1.694456319722323201e+01 4.756294453668273581e-02
-1.225000000000000089e+00 1.826113201878232317e+01 5.356960462925210165e-02
-1.125000000000000000e+00 1.992493456817434350e+01 5.918886601482199750e-02
-1.025000000000000133e+00 2.169154910301253025e+01 6.391160889985673943e-02
-9.250000000000000444e-01 2.373255883548459977e+01 6.873043434194286982e-02
-8.249999999999999556e-01 2.559294041045405521e+01 7.322097492570749100e-02
-7.249999999999999778e-01 2.692044220185649550e+01 7.693265690481429497e-02
-6.250000000000000000e-01 2.778007599148678253e+01 8.069874247855832183e-02
-5.250000000000000222e-01 2.810395525068996392e+01 8.445726802962412461e-02
-4.250000000000000444e-01 2.802259231508799431e+01 8.808332487264304567e-02
-3.249999999999999556e-01 2.779884729585262093e+01 9.153653948702310250e-02
-2.249999999999999778e-01 2.745837836437159396e+01 9.483291581919002511e-02
-1.250000000000000000e-01 2.697118736754508461e+01 9.803428277252565493e-02
-2.500000000000002220e-02 2.631046971310437854e+01 1.012028173503208839e-01
7.499999999999995559e-02 2.542850980093942681e+01 1.043773867216382101e-01
1.750000000000000444e-01 2.406443911521878576e+01 1.076691214881313891e-01
2.750000000000001332e-01 2.220877962252993143e+01 1.111455260679892892e-01
3.750000000000002220e-01 1.963153589514726605e+01 1.143186015107536951e-01
4.750000000000000888e-01 1.675089245656471348e+01 1.166890961651822350e-01
5.749999999999999556e-01 1.393965147822968476e+01 1.191547593588580534e-01
6.750000000000000444e-01 1.130129437798487402e+01 1.215253112403991836e-01
7.750000000000001332e-01 8.873566286821297666e+00 1.237934831789150730e-01
8.750000000000002220e-01 6.799205199178033787e+00 1.259806720879391717e-01
9.750000000000000888e-01 5.035763907460063749e+00 1.281430386651821740e-01
1.074999999999999956e+00 3.499020170712541677e+00 1.303374322732966384e-01
1.175000000000000044e+00 2.246069441498465213e+00 1.323549533656543098e-01
1.275000000000000133e+00 1.370904657271569294e+00 1.344997537217771932e-01
1.375000000000000222e+00 7.181618816357392410e-01 1.366486942445881980e-01
1.475000000000000089e+00 3.268002245651470683e-01 1.387040302699139860e-01
1.574999999999999956e+00 1.330649200090882056e-01 1.407778483925734569e-01
1.675000000000000044e+00 2.210860929840734179e-02 1.428736398479797387e-01
1.775000000000000133e+00 0.000000000000000000e+00 1.449011967480419438e-01
1.875000000000000000e+00 2.200650842349730629e-01 1.469095121559694517e-01
