-1.925000000000000044e+00 1.347156977388240051e+01 2.268657349836966652e-02
-1.825000000000000178e+00 1.333464060451101574e+01 0.000000000000000000e+00
-1.725000000000000089e+00 1.347386254096853442e+01 2.275770554096719078e-02
-1.625000000000000000e+00 1.361283353299504384e+01 3.314832419659050761e-02
-1.525000000000000133e+00 1.405665717325956976e+01 4.097479014497310001e-02
-1.425000000000000044e+00 1.484627038667844801e+01 4.757270741877898251e-02
-1.324999999999999956e+00 1.596349154755387367e+01 5.357008028058430488e-02
-1.225000000000000089e+00 1.736416317031449452e+01 5.899533456420191085e-02
-1.125000000000000000e+00 1.909142338754442747e+01 6.403278031916800894e-02
-1.025000000000000133e+00 2.102716175209616978e+01 6.853317371926402612e-02
-9.250000000000000444e-01 2.332098284993508130e+01 7.312839018886585496e-02
-8.249999999999999556e-01 2.541607924697457577e+01 7.709804147885683523e-02
-7.249999999999999778e-01 2.725465810653110665e+01 8.135246484910342579e-02
-6.250000000000000000e-01 2.829695490441513428e+01 8.458304987564146948e-02
-5.250000000000000222e-01 2.882629006758996582e+01 8.818639354968177413e-02
-4.250000000000000444e-01 2.885657644463557148e+01 9.173357616535698922e-02
-3.249999999999999556e-01 2.861552403652244791e+01 9.512221252613328737e-02
-2.249999999999999778e-01 2.828601585122175521e+01 9.832443456079266453e-02
-1.250000000000000000e-01 2.782989322234058349e+01 1.013619217689990942e-01
-2.500000000000002220e-02 2.719701498613865809e+01 1.045157721418730201e-01
7.499999999999995559e-02 2.615624771348954525e+01 1.076446420293911410e-01
1.750000000000000444e-01 2.458472288141398465e+01 1.110934612628869805e-01
2.750000000000001332e-01 2.249089399175453607e+01 1.141451518480951360e-01
3.750000000000002220e-01 1.982752387412169526e+01 1.173306136743300782e-01
4.750000000000000888e-01 1.679273861614187879e+01 1.195704550892268125e-01
5.749999999999999556e-01 1.391682235515191657e+01 1.220343352324767816e-01
6.750000000000000444e-01 1.113603049404911616e+01 1.243081131293175962e-01
7.750000000000001332e-01 8.586896766991888086e+00 1.264681223422294554e-01
8.750000000000002220e-01 6.466077168200039083e+00 1.285927412710679008e-01
9.750000000000000888e-01 4.728920574279970701e+00 1.306912186843955381e-01
1.074999999999999956e+00 3.305616486226650608e+00 1.327813805139087255e-01
1.175000000000000044e+00 2.126496587212949319e+00 1.348714519039710125e-01
1.275000000000000133e+00 1.310262221472660027e+00 1.369250506892266683e-01
1.375000000000000222e+00 6.955022743158371101e-01 1.390677794426269098e-01
1.475000000000000089e+00 1.846407489878278962e-01 1.411230627855009911e-01
1.574999999999999956e+00 0.000000000000000000e+00 1.431036944650928844e-01
1.675000000000000044e+00 2.443209261739550178e-02 1.451243217081431558e-01
1.775000000000000133e+00 2.988504811949165285e-01 1.471497927502767589e-01
1.875000000000000000e+00 6.271875303529004242e-01 1.491623814165609352e-01
