-1.925000000000000044e+00 1.554091051974985938e+01 2.225506058920165980e-02
-1.825000000000000178e+00 1.552474716773933316e+01 0.000000000000000000e+00
-1.725000000000000089e+00 1.577452583158935084e+01 2.266233825997219370e-02
-1.625000000000000000e+00 1.621245736946979221e+01 3.310771432872647996e-02
-1.525000000000000133e+00 1.682503769376348046e+01 4.107829512632799052e-02
-1.425000000000000044e+00 1.766050043381621037e+01 4.772628692398300787e-02
-1.324999999999999956e+00 1.873471718551306253e+01 5.349341360891234770e-02
-1.225000000000000089e+00 2.025628166729404001e+01 5.913551149738155432e-02
-1.125000000000000000e+00 2.200121958166321079e+01 6.397797795957591016e-02
-1.025000000000000133e+00 2.404656948674654160e+01 6.881007236909988944e-02
-9.250000000000000444e-01 2.604742330120952332e+01 7.305831574093067660e-02
-8.249999999999999556e-01 2.782805453778710714e+01 7.714833292661205100e-02
-7.249999999999999778e-01 2.908191306634583384e+01 8.076023652867109215e-02
-6.250000000000000000e-01 2.976162071112988627e+01 8.428460122433642510e-02
-5.250000000000000222e-01 3.011724460540411741e+01 8.791893661461193388e-02
-4.250000000000000444e-01 3.016238250906175367e+01 9.138086804213502168e-02
-3.249999999999999556e-01 2.993847916326558689e+01 9.479344100790139394e-02
-2.249999999999999778e-01 2.955348130491788794e+01 9.799953458495193337e-02
-1.250000000000000000e-01 2.899355296025353468e+01 1.012037069058790983e-01
-2.500000000000002220e-02 2.820572088358434470e+01 1.042438717906959827e-01
7.499999999999995559e-02 2.717572239460240979e+01 1.073218933374846112e-01
1.750000000000000444e-01 2.565504931421046564e+01 1.106647768567154411e-01
2.750000000000001332e-01 2.366934438997859758e+01 1.141217751262889740e-01
3.750000000000002220e-01 2.087106381897570273e+01 1.168529741598393762e-01
4.750000000000000888e-01 1.794550906611180352e+01 1.194285816852800053e-01
5.749999999999999556e-01 1.490681262357593795e+01 1.217689146320646704e-01
6.750000000000000444e-01 1.196982447551789441e+01 1.239893887966308506e-01
7.750000000000001332e-01 9.450987868825238891e+00 1.262175192045079941e-01
8.750000000000002220e-01 7.252780454544564215e+00 1.283955384400377042e-01
9.750000000000000888e-01 5.415155742292806273e+00 1.304422930898874178e-01
1.074999999999999956e+00 3.939943338284978669e+00 1.325650345623896054e-01
1.175000000000000044e+00 2.612415979940644117e+00 1.347256879999273738e-01
1.275000000000000133e+00 1.578228325409471555e+00 1.367346927387387834e-01
1.375000000000000222e+00 8.375147389025713318e-01 1.388117497357909402e-01
1.475000000000000089e+00 3.513853943531726198e-01 1.408737723352979920e-01
1.574999999999999956e+00 6.691138889191265704e-02 1.428614619935941465e-01
1.675000000000000044e+00 0.000000000000000000e+00 1.448872416952453890e-01
1.775000000000000133e+00 8.756510120837814048e-02 1.468977095413859790e-01
1.875000000000000000e+00 3.617195233215866890e-01 1.489464722956756748e-01
