-1.925000000000000044e+00 1.524626587991859950e+01 2.269256947846224476e-02
-1.825000000000000178e+00 1.497297499270489674e+01 0.000000000000000000e+00
-1.725000000000000089e+00 1.505821165352310054e+01 2.250927765318313026e-02
-1.625000000000000000e+00 1.528550315280499206e+01 3.272634101393907813e-02
-1.525000000000000133e+00 1.585028676412617088e+01 4.078772670441234427e-02
-1.425000000000000044e+00 1.664193810093659209e+01 4.751753995553125581e-02
-1.324999999999999956e+00 1.772589389299723450e+01 5.340995794241214928e-02
-1.225000000000000089e+00 1.920493268240213069e+01 5.900840001013260561e-02
-1.125000000000000000e+00 2.089106286594341455e+01 6.389856795054003891e-02
-1.025000000000000133e+00 2.287978357013383857e+01 6.858901856400129171e-02
-9.250000000000000444e-01 2.499774497145476460e+01 7.292201326161187880e-02
-8.249999999999999556e-01 2.702297760234307589e+01 7.723951985426120992e-02
-7.249999999999999778e-01 2.839182405152021005e+01 8.092812671503805955e-02
-6.250000000000000000e-01 2.898818132439006945e+01 8.437235578412177750e-02
-5.250000000000000222e-01 2.924120876928034463e+01 8.801948386031753502e-02
-4.250000000000000444e-01 2.915771731856078475e+01 9.151377191014004042e-02
-3.249999999999999556e-01 2.890739407684196394e+01 9.485741328937380423e-02
-2.249999999999999778e-01 2.858722848863281740e+01 9.797277415756314167e-02
-1.250000000000000000e-01 2.810913365210101134e+01 1.011355081159368841e-01
-2.500000000000002220e-02 2.741373594138856618e+01 1.041643773923531802e-01
7.499999999999995559e-02 2.652102727314117558e+01 1.073456874083924539e-01
1.750000000000000444e-01 2.487543621852286790e+01 1.109219569952460266e-01
2.750000000000001332e-01 2.281764518266147590e+01 1.136626563233051057e-01
3.750000000000002220e-01 2.032502381602703423e+01 1.169207286425376496e-01
4.750000000000000888e-01 1.742851207277421111e+01 1.192497409161615562e-01
5.749999999999999556e-01 1.452815051358172838e+01 1.216212855705658957e-01
6.750000000000000444e-01 1.179449358686001581e+01 1.239630213545786785e-01
7.750000000000001332e-01 9.345743340865416471e+00 1.261581646127991618e-01
8.750000000000002220e-01 7.215454128419679591e+00 1.283244139793082161e-01
9.750000000000000888e-01 5.390171197820933457e+00 1.304543272883769423e-01
1.074999999999999956e+00 3.800565838410851160e+00 1.325444133814447367e-01
1.175000000000000044e+00 2.602258247046143058e+00 1.346016013352830942e-01
1.275000000000000133e+00 1.696027110843547181e+00 1.367170189066927721e-01
1.375000000000000222e+00 9.476218153904327757e-01 1.387803213713635908e-01
1.475000000000000089e+00 5.294624270539713962e-01 1.408337958049100391e-01
1.574999999999999956e+00 1.474189815470021980e-01 1.429077489703158288e-01
1.675000000000000044e+00 0.000000000000000000e+00 1.448737641238702356e-01
1.775000000000000133e+00 1.840564110774598194e-01 1.469078936014256709e-01
1.875000000000000000e+00 3.375700245276135880e-01 1.489411409125403762e-01
