-1.925000000000000044e+00 1.729709188775797912e+01 4.091077561645840854e-02
-1.825000000000000178e+00 1.697299442204041142e+01 3.306018120656097070e-02
-1.725000000000000089e+00 1.670393554662106439e+01 2.253433780632901201e-02
-1.625000000000000000e+00 1.654710379833094436e+01 0.000000000000000000e+00
-1.525000000000000133e+00 1.666911140875108899e+01 2.248913877392037450e-02
-1.425000000000000044e+00 1.714954641112518630e+01 3.280015539426302251e-02
-1.324999999999999956e+00 1.791583733825148173e+01 4.085965515317400293e-02
-1.225000000000000089e+00 1.891313056518217550e+01 4.751240548046339190e-02
-1.125000000000000000e+00 2.025769496766519140e+01 5.353608194925987829e-02
-1.025000000000000133e+00 2.198686139382163773e+01 5.920082683395105211e-02
-9.250000000000000444e-01 2.381263490755745593e+01 6.409261029724123981e-02
-8.249999999999999556e-01 2.567376406738270589e+01 6.885205399807610427e-02
-7.249999999999999778e-01 2.728680562424839451e+01 7.302388917307008065e-02
-6.250000000000000000e-01 2.850416076620267702e+01 7.700199040117940152e-02
-5.250000000000000222e-01 2.910129000882444217e+01 8.072485277425632544e-02
-4.250000000000000444e-01 2.923819502597778097e+01 8.454307442727054811e-02
-3.249999999999999556e-01 2.905908559425940396e+01 8.818111480404654257e-02
-2.249999999999999778e-01 2.875902522942720196e+01 9.164472743902113416e-02
-1.250000000000000000e-01 2.824394948893451840e+01 9.497701059168023319e-02
-2.500000000000002220e-02 2.744176873814482676e+01 9.839855407674592824e-02
7.499999999999995559e-02 2.622756407643148080e+01 1.018346171234668501e-01
1.750000000000000444e-01 2.439364893451230287e+01 1.055055343232412512e-01
2.750000000000001332e-01 2.206424957211617155e+01 1.088093880806556557e-01
3.750000000000002220e-01 1.925685257619351987e+01 1.117406820010874019e-01
4.750000000000000888e-01 1.632266255978644054e+01 1.142491074474119850e-01
5.749999999999999556e-01 1.334826441515177997e+01 1.166379968083780805e-01
6.750000000000000444e-01 1.067606460209634278e+01 1.190794769387753110e-01
7.750000000000001332e-01 8.347545060252663518e+00 1.213267480217824490e-01
8.750000000000002220e-01 6.350597104278056904e+00 1.236490756325066831e-01
9.750000000000000888e-01 4.566524469948520348e+00 1.258360091615252085e-01
1.074999999999999956e+00 3.143475544709606329e+00 1.279771027604436340e-01
1.175000000000000044e+00 2.071843152123328036e+00 1.301305368309920718e-01
1.275000000000000133e+00 1.213939092715488055e+00 1.323430092789711909e-01
1.375000000000000222e+00 6.245538639110839174e-01 1.344849682399312241e-01
1.475000000000000089e+00 1.644307270307589497e-01 1.366127823688780274e-01
1.574999999999999956e+00 0.000000000000000000e+00 1.386700101171473298e-01
1.675000000000000044e+00 7.753404937349474280e-02 1.407676761212644789e-01
1.775000000000000133e+00 1.535941286595432220e-01 1.428740342605410996e-01
1.875000000000000000e+00 4.387530502957939227e-01 1.449615410224387724e-01
