-1.925000000000000044e+00 1.680464277567070397e+01 4.093775718572351119e-02
-1.825000000000000178e+00 1.626202831407015026e+01 3.288255166263095303e-02
-1.725000000000000089e+00 1.590551799067935157e+01 2.256713036098226266e-02
-1.625000000000000000e+00 1.573379993291088041e+01 0.000000000000000000e+00
-1.525000000000000133e+00 1.583814256431325163e+01 2.218165777805894412e-02
-1.425000000000000044e+00 1.624898043026628613e+01 3.265538056832287955e-02
-1.324999999999999956e+00 1.702896815816902887e+01 4.077659011282058765e-02
-1.225000000000000089e+00 1.801888658334771165e+01 4.740296707776855967e-02
-1.125000000000000000e+00 1.933897882468614071e+01 5.348420894865495157e-02
-1.025000000000000133e+00 2.088831167778194242e+01 5.892060583889972142e-02
-9.250000000000000444e-01 2.270574907706033940e+01 6.402454378762222065e-02
-8.249999999999999556e-01 2.450265171344654647e+01 6.854660147596972064e-02
-7.249999999999999778e-01 2.622376958286799464e+01 7.274234960172913655e-02
-6.250000000000000000e-01 2.773672626356626481e+01 7.701356445665162587e-02
-5.250000000000000222e-01 2.856883101265244207e+01 8.063385071684443794e-02
-4.250000000000000444e-01 2.880243204394885126e+01 8.442466990696789741e-02
-3.249999999999999556e-01 2.878029015133731150e+01 8.806678108057067189e-02
-2.249999999999999778e-01 2.846279865076931515e+01 9.158598608274681752e-02
-1.250000000000000000e-01 2.787646101536941501e+01 9.499287046649493305e-02
-2.500000000000002220e-02 2.706615159497330225e+01 9.833562244059367019e-02
7.499999999999995559e-02 2.565209425457589631e+01 1.021648461730448321e-01
1.750000000000000444e-01 2.362851226125653170e+01 1.054557845437860686e-01
2.750000000000001332e-01 2.125491766769128787e+01 1.086397813456181083e-01
3.750000000000002220e-01 1.853788986605921707e+01 1.116436734518968243e-01
4.750000000000000888e-01 1.555993728673331056e+01 1.140339329848235744e-01
5.749999999999999556e-01 1.272333961549165338e+01 1.165642036170531359e-01
6.750000000000000444e-01 1.001977676110760740e+01 1.189472441712789708e-01
7.750000000000001332e-01 7.704339143277348256e+00 1.212585097800220890e-01
8.750000000000002220e-01 5.677903059733446334e+00 1.234786572747332556e-01
9.750000000000000888e-01 4.023390465394607318e+00 1.256181048441996073e-01
1.074999999999999956e+00 2.748621211357989758e+00 1.278091435318636782e-01
1.175000000000000044e+00 1.632324821481734078e+00 1.300241407553763273e-01
1.275000000000000133e+00 9.177629896190708791e-01 1.321250228912925206e-01
1.375000000000000222e+00 4.499370940526418727e-01 1.343133731699230615e-01
1.475000000000000089e+00 1.461076708262828427e-01 1.364584543262433447e-01
1.574999999999999956e+00 0.000000000000000000e+00 1.385786839319500252e-01
1.675000000000000044e+00 4.874282510253052925e-02 1.406381322381598242e-01
1.775000000000000133e+00 3.620903178316617899e-01 1.427357119756319792e-01
1.875000000000000000e+00 7.016551545582569993e-01 1.448014603107123655e-01
