-1.925000000000000044e+00 1.598438160329365942e+01 4.749365113164609464e-02
-1.825000000000000178e+00 1.557369089485493951e+01 3.828385553807393121e-02
-1.725000000000000089e+00 1.534774590996662624e+01 2.622399904954383562e-02
-1.625000000000000000e+00 1.523976614451134992e+01 0.000000000000000000e+00
-1.525000000000000133e+00 1.545182042758121099e+01 2.578488352994765670e-02
-1.425000000000000044e+00 1.591157954744707403e+01 3.796565074431352410e-02
-1.324999999999999956e+00 1.656769239358023782e+01 4.712484647178138281e-02
-1.225000000000000089e+00 1.755881147494698169e+01 5.485888977563457142e-02
-1.125000000000000000e+00 1.878905745763105983e+01 6.166196026930354651e-02
-1.025000000000000133e+00 2.045417171101243170e+01 6.818966668350640026e-02
-9.250000000000000444e-01 2.233249611601758744e+01 7.404175638666370129e-02
-8.249999999999999556e-01 2.425752688043405669e+01 7.930519456488410723e-02
-7.249999999999999778e-01 2.613739063830118425e+01 8.448577092500093866e-02
-6.250000000000000000e-01 2.761691952450217613e+01 8.888082850086963249e-02
-5.250000000000000222e-01 2.865305012144337482e+01 9.340794423022433235e-02
-4.250000000000000444e-01 2.894879991610265790e+01 9.773864230439062439e-02
-3.249999999999999556e-01 2.886093176295104712e+01 1.019609742968646121e-01
-2.249999999999999778e-01 2.852406717040488360e+01 1.060126811714786205e-01
-1.250000000000000000e-01 2.785988545980512399e+01 1.099699191606183513e-01
-2.500000000000002220e-02 2.704805335350967965e+01 1.138288787708293670e-01
7.499999999999995559e-02 2.556704794773320799e+01 1.183117409198552322e-01
1.750000000000000444e-01 2.336691537521889117e+01 1.221849010914482919e-01
2.750000000000001332e-01 2.091310867318102495e+01 1.255162771098948804e-01
3.750000000000002220e-01 1.826016866785707293e+01 1.288923496892505627e-01
4.750000000000000888e-01 1.540077413100746462e+01 1.319308925134079491e-01
5.749999999999999556e-01 1.245747488141103609e+01 1.346401134540624878e-01
6.750000000000000444e-01 9.820862748529160413e+00 1.374915013938552977e-01
7.750000000000001332e-01 7.423515494669432613e+00 1.401993636310921165e-01
8.750000000000002220e-01 5.324985404126402422e+00 1.427548637288922062e-01
9.750000000000000888e-01 3.627438299408777933e+00 1.451872333702344253e-01
1.074999999999999956e+00 2.332838143146939380e+00 1.476497419942638945e-01
1.175000000000000044e+00 1.402904464732289025e+00 1.502173073189788655e-01
1.275000000000000133e+00 5.702624166834480146e-01 1.527215118135205885e-01
1.375000000000000222e+00 1.622651287060470626e-01 1.551527492419117749e-01
1.475000000000000089e+00 0.000000000000000000e+00 1.576085486187503992e-01
1.574999999999999956e+00 8.916795950360494050e-02 1.600275840960813101e-01
1.675000000000000044e+00 3.044861166171672351e-01 1.625053269954294943e-01
1.775000000000000133e+00 5.797062920301069289e-01 1.649368215647897540e-01
1.875000000000000000e+00 1.028845657192571483e+00 1.673349420617041838e-01
