-1.925000000000000044e+00 1.815667927946330806e+01 3.273997415408551326e-02
-1.825000000000000178e+00 1.760044423983609718e+01 2.226221812491005481e-02
-1.725000000000000089e+00 1.748970789927687264e+01 0.000000000000000000e+00
-1.625000000000000000e+00 1.753727977553700512e+01 2.278949249986550810e-02
-1.525000000000000133e+00 1.776944490142022914e+01 3.302341103137981793e-02
-1.425000000000000044e+00 1.833380502303858961e+01 4.100455697042239278e-02
-1.324999999999999956e+00 1.918377509006293380e+01 4.772650626939725638e-02
-1.225000000000000089e+00 2.035288699458185135e+01 5.374956527404031736e-02
-1.125000000000000000e+00 2.180931992582713974e+01 5.919028989346146463e-02
-1.025000000000000133e+00 2.344535520724232924e+01 6.398504799641822893e-02
-9.250000000000000444e-01 2.526768171147585562e+01 6.879636745585193669e-02
-8.249999999999999556e-01 2.698124978213288827e+01 7.290784457172026778e-02
-7.249999999999999778e-01 2.863619537072700538e+01 7.710793194290872787e-02
-6.250000000000000000e-01 2.974821442384163461e+01 8.092188362241736765e-02
-5.250000000000000222e-01 3.006866937149799313e+01 8.459161254222978543e-02
-4.250000000000000444e-01 3.006548404155217113e+01 8.821266275112960020e-02
-3.249999999999999556e-01 2.988066998556610088e+01 9.172410114982167129e-02
-2.249999999999999778e-01 2.948324787276221315e+01 9.512315352773882682e-02
-1.250000000000000000e-01 2.883605059124464987e+01 9.832627744548812221e-02
-2.500000000000002220e-02 2.799545404039120911e+01 1.017108745604206471e-01
7.499999999999995559e-02 2.642838046597006496e+01 1.053526611792612311e-01
1.750000000000000444e-01 2.450871861142110930e+01 1.082750631289985943e-01
2.750000000000001332e-01 2.211744237493473975e+01 1.115785839422338416e-01
3.750000000000002220e-01 1.937394217146490760e+01 1.143857275763708742e-01
4.750000000000000888e-01 1.649012171898605672e+01 1.169721643833731561e-01
5.749999999999999556e-01 1.348169326957724934e+01 1.193110577841457326e-01
6.750000000000000444e-01 1.074804739643644069e+01 1.216547542454078090e-01
7.750000000000001332e-01 8.364743961986826903e+00 1.238463433051230494e-01
8.750000000000002220e-01 6.344829172259885297e+00 1.260382824518985478e-01
9.750000000000000888e-01 4.646383946182497837e+00 1.282124750774719379e-01
1.074999999999999956e+00 3.223249306721196916e+00 1.303613001295439722e-01
1.175000000000000044e+00 2.089709448229660094e+00 1.325001428194666764e-01
1.275000000000000133e+00 1.188560601687255858e+00 1.346911430157536338e-01
1.375000000000000222e+00 5.567143241112496588e-01 1.367382371876252056e-01
1.475000000000000089e+00 2.132934509924780397e-01 1.388273845492294378e-01
1.574999999999999956e+00 2.399770553064349814e-03 1.409021031327686302e-01
1.675000000000000044e+00 0.000000000000000000e+00 1.429434226499820826e-01
1.775000000000000133e+00 1.682438952853869962e-01 1.449873981704890291e-01
1.875000000000000000e+00 4.640358682189988926e-01 1.470338619203596375e-01
