-1.925000000000000044e+00 1.762563421461820568e+01 4.086137803933610063e-02
-1.825000000000000178e+00 1.714855727896819104e+01 3.291201882917201699e-02
-1.725000000000000089e+00 1.691430156253586148e+01 2.245833604520579285e-02
-1.625000000000000000e+00 1.682697018246607357e+01 0.000000000000000000e+00
-1.525000000000000133e+00 1.711774131510248154e+01 2.254265087734476022e-02
-1.425000000000000044e+00 1.764477640571600858e+01 3.285753533209875843e-02
-1.324999999999999956e+00 1.849925785915329257e+01 4.096174488389991292e-02
-1.225000000000000089e+00 1.961878798101725252e+01 4.768870934713122234e-02
-1.125000000000000000e+00 2.104436598768347721e+01 5.387078908999832355e-02
-1.025000000000000133e+00 2.252563769473390920e+01 5.897886990144105696e-02
-9.250000000000000444e-01 2.434906030018597889e+01 6.422420946511725459e-02
-8.249999999999999556e-01 2.615318753665257745e+01 6.883886267160242711e-02
-7.249999999999999778e-01 2.778213584829738991e+01 7.309266111505277608e-02
-6.250000000000000000e-01 2.908875644101488334e+01 7.725020582957926873e-02
-5.250000000000000222e-01 2.961290934551401932e+01 8.093558438000736377e-02
-4.250000000000000444e-01 2.962136295123417540e+01 8.475126066933409696e-02
-3.249999999999999556e-01 2.945159108249572100e+01 8.838454044440573198e-02
-2.249999999999999778e-01 2.897088601484403725e+01 9.195604982767599522e-02
-1.250000000000000000e-01 2.830266937078884126e+01 9.530339836713366819e-02
-2.500000000000002220e-02 2.738605007685379178e+01 9.868073701352379767e-02
7.499999999999995559e-02 2.606927942753494420e+01 1.021700110195331856e-01
1.750000000000000444e-01 2.422603034147805445e+01 1.056119410844115619e-01
2.750000000000001332e-01 2.190066854761735016e+01 1.087934874783501732e-01
3.750000000000002220e-01 1.925654384152953824e+01 1.117462230975996146e-01
4.750000000000000888e-01 1.639144098048975451e+01 1.144125007134762506e-01
5.749999999999999556e-01 1.342417828938753033e+01 1.167808279737749810e-01
6.750000000000000444e-01 1.074024204218262923e+01 1.192353355752294314e-01
7.750000000000001332e-01 8.308035658310954474e+00 1.214960788704764066e-01
8.750000000000002220e-01 6.201813941273255359e+00 1.237636051401232867e-01
9.750000000000000888e-01 4.453862395989012235e+00 1.258586529936505383e-01
1.074999999999999956e+00 3.092496660567043421e+00 1.280423247300561951e-01
1.175000000000000044e+00 1.953272887701889893e+00 1.303098742033944324e-01
1.275000000000000133e+00 1.061025588035980682e+00 1.324532330953428205e-01
1.375000000000000222e+00 5.121418757998255078e-01 1.345641737608421207e-01
1.475000000000000089e+00 1.800430122052614490e-01 1.367098211968844346e-01
1.574999999999999956e+00 5.342649352424698461e-02 1.387915039392060845e-01
1.675000000000000044e+00 0.000000000000000000e+00 1.408973330173944605e-01
1.775000000000000133e+00 2.155691467525469585e-01 1.429485605567819007e-01
1.875000000000000000e+00 5.508430366030331315e-01 1.450340460140279730e-01
