-1.925000000000000044e+00 1.631803310699460496e+01 3.307594088616588185e-02
-1.825000000000000178e+00 1.598828482271912499e+01 2.264107931249317515e-02
-1.725000000000000089e+00 1.579680014618034178e+01 0.000000000000000000e+00
-1.625000000000000000e+00 1.587058092556138611e+01 2.265982246951867354e-02
-1.525000000000000133e+00 1.618989607193917735e+01 3.295538663134588847e-02
-1.425000000000000044e+00 1.668748186853289539e+01 4.088875015722918949e-02
-1.324999999999999956e+00 1.746093317433550851e+01 4.748140816011766491e-02
-1.225000000000000089e+00 1.865031208502573890e+01 5.366058299189975511e-02
-1.125000000000000000e+00 1.997808793996997778e+01 5.887738364002945840e-02
-1.025000000000000133e+00 2.169071638851584893e+01 6.400541028876011174e-02
-9.250000000000000444e-01 2.356447523940692079e+01 6.856960177062838835e-02
-8.249999999999999556e-01 2.547496366044135030e+01 7.320506173360222246e-02
-7.249999999999999778e-01 2.695744637865316662e+01 7.702583546509896018e-02
-6.250000000000000000e-01 2.802771963094921048e+01 8.070640988317173692e-02
-5.250000000000000222e-01 2.865409757706456162e+01 8.451234214187469673e-02
-4.250000000000000444e-01 2.866329829804460871e+01 8.818825825343973301e-02
-3.249999999999999556e-01 2.848049773532426343e+01 9.173926816056859890e-02
-2.249999999999999778e-01 2.803582950259942308e+01 9.513165493271968920e-02
-1.250000000000000000e-01 2.732464750719595870e+01 9.837507056377328696e-02
-2.500000000000002220e-02 2.643489802460284466e+01 1.016014318605769073e-01
7.499999999999995559e-02 2.526962112619857237e+01 1.048063776528907198e-01
1.750000000000000444e-01 2.359536301404010317e+01 1.081499519356555611e-01
2.750000000000001332e-01 2.146179280217015517e+01 1.113710722295297301e-01
3.750000000000002220e-01 1.884605285583683809e+01 1.142258730151834989e-01
4.750000000000000888e-01 1.610439289273046626e+01 1.167881366980166036e-01
5.749999999999999556e-01 1.326899000649422788e+01 1.191950865790519232e-01
6.750000000000000444e-01 1.068839291042137241e+01 1.215988027584299913e-01
7.750000000000001332e-01 8.264664643606931094e+00 1.238641391939151043e-01
8.750000000000002220e-01 6.204491709482943484e+00 1.260206234509818612e-01
9.750000000000000888e-01 4.449018103992726125e+00 1.281573373573803576e-01
1.074999999999999956e+00 3.027904648409676103e+00 1.303082702492167622e-01
1.175000000000000044e+00 1.887823322580109986e+00 1.324865377178784387e-01
1.275000000000000133e+00 1.032035685464900654e+00 1.345232668155048605e-01
1.375000000000000222e+00 4.974802917921437584e-01 1.366578248953207453e-01
1.475000000000000089e+00 1.685792066136081180e-01 1.387640208627486382e-01
1.574999999999999956e+00 0.000000000000000000e+00 1.408130287492578292e-01
1.675000000000000044e+00 2.491871987590074319e-02 1.428795483754688456e-01
1.775000000000000133e+00 2.296031878107388513e-01 1.449182392550809606e-01
1.875000000000000000e+00 6.218045419789278716e-01 1.469573289148549677e-01
