-1.925000000000000044e+00 1.874904760208685062e+01 4.110649229711317576e-02
-1.825000000000000178e+00 1.837029541803875787e+01 3.306223551237078701e-02
-1.725000000000000089e+00 1.803179946276202372e+01 2.257242046421300413e-02
-1.625000000000000000e+00 1.790644005099021641e+01 0.000000000000000000e+00
-1.525000000000000133e+00 1.803629568263913541e+01 2.233240222281951751e-02
-1.425000000000000044e+00 1.850534069529932069e+01 3.266956880693634019e-02
-1.324999999999999956e+00 1.935571360984560130e+01 4.088630433341583492e-02
-1.225000000000000089e+00 2.036670163437071324e+01 4.755746180006531487e-02
-1.125000000000000000e+00 2.165772976714515607e+01 5.351503062538162658e-02
-1.025000000000000133e+00 2.334893586378588992e+01 5.914021676870528932e-02
-9.250000000000000444e-01 2.523406654090629075e+01 6.403207171445049473e-02
-8.249999999999999556e-01 2.714419760320927466e+01 6.889033286475450268e-02
-7.249999999999999778e-01 2.882994224650285275e+01 7.310171625681853580e-02
-6.250000000000000000e-01 3.018259457977849891e+01 7.698024344903114935e-02
-5.250000000000000222e-01 3.096084016008290618e+01 8.072868498819045502e-02
-4.250000000000000444e-01 3.110263033588085690e+01 8.458692430526551509e-02
-3.249999999999999556e-01 3.077238525198331942e+01 8.840911014628324849e-02
-2.249999999999999778e-01 3.022219548811300882e+01 9.180342461614640626e-02
-1.250000000000000000e-01 2.955165286687204684e+01 9.519688733481845855e-02
-2.500000000000002220e-02 2.854835521598688430e+01 9.850100500642063051e-02
7.499999999999995559e-02 2.721598506730517286e+01 1.021204496631733100e-01
1.750000000000000444e-01 2.500647309308966371e+01 1.057008119214165182e-01
2.750000000000001332e-01 2.249427208282995139e+01 1.086279850222111043e-01
3.750000000000002220e-01 1.972978172429651877e+01 1.116170888812128836e-01
4.750000000000000888e-01 1.668968288658168220e+01 1.141687008633669315e-01
5.749999999999999556e-01 1.374563866950255431e+01 1.166232079290111662e-01
6.750000000000000444e-01 1.095568175552108769e+01 1.190781235509047603e-01
7.750000000000001332e-01 8.491275660048144047e+00 1.212697094612815579e-01
8.750000000000002220e-01 6.404411524833210301e+00 1.235643861020430251e-01
9.750000000000000888e-01 4.636438553691478504e+00 1.256862780653243139e-01
1.074999999999999956e+00 3.199128383261790720e+00 1.279236693487151577e-01
1.175000000000000044e+00 2.033016447808870364e+00 1.300694686267367950e-01
1.275000000000000133e+00 1.123616703467452238e+00 1.322475145649150419e-01
1.375000000000000222e+00 4.919448557301243086e-01 1.343707264709282645e-01
1.475000000000000089e+00 1.434651288286220017e-01 1.364920184925365321e-01
1.574999999999999956e+00 0.000000000000000000e+00 1.385686653252421463e-01
1.675000000000000044e+00 3.280535540946931394e-02 1.406606330448781361e-01
1.775000000000000133e+00 2.724833941554363759e-01 1.427333399645997480e-01
1.875000000000000000e+00 5.848759218923118564e-01 1.448200646646033152e-01
