-1.925000000000000044e+00 1.832029296258955497e+01 3.285272376846527093e-02
-1.825000000000000178e+00 1.796641937547380152e+01 2.244576621654004525e-02
-1.725000000000000089e+00 1.782028384610312699e+01 0.000000000000000000e+00
-1.625000000000000000e+00 1.793877871525735301e+01 2.260527273874427673e-02
-1.525000000000000133e+00 1.823223471790466732e+01 3.294682060768738124e-02
-1.425000000000000044e+00 1.880698755577583370e+01 4.086153967265593323e-02
-1.324999999999999956e+00 1.968781574019742919e+01 4.759684300237867344e-02
-1.225000000000000089e+00 2.090933197741911442e+01 5.354888191937546421e-02
-1.125000000000000000e+00 2.239013416627774333e+01 5.898440067633838740e-02
-1.025000000000000133e+00 2.409327946655474761e+01 6.389396238297351260e-02
-9.250000000000000444e-01 2.611530517474871971e+01 6.871198204224962525e-02
-8.249999999999999556e-01 2.806926792916688385e+01 7.310286260475482023e-02
-7.249999999999999778e-01 2.969099447369977440e+01 7.705167596092736548e-02
-6.250000000000000000e-01 3.098301568042622023e+01 8.075811365101186190e-02
-5.250000000000000222e-01 3.185149935792032139e+01 8.448101450867129270e-02
-4.250000000000000444e-01 3.193848724573780729e+01 8.820010380056984844e-02
-3.249999999999999556e-01 3.161010699326108764e+01 9.173292822671559599e-02
-2.249999999999999778e-01 3.117101697066537369e+01 9.509908053194940369e-02
-1.250000000000000000e-01 3.041053879982945318e+01 9.851389686205760943e-02
-2.500000000000002220e-02 2.929561368528723975e+01 1.018920812956906619e-01
7.499999999999995559e-02 2.762548698677926495e+01 1.054661707259228198e-01
1.750000000000000444e-01 2.540847638539468534e+01 1.086670824242041700e-01
2.750000000000001332e-01 2.277385700575374372e+01 1.117294981712645685e-01
3.750000000000002220e-01 1.979102135134034768e+01 1.144681623626447042e-01
4.750000000000000888e-01 1.677296771001261888e+01 1.168066549159044176e-01
5.749999999999999556e-01 1.386564947883627852e+01 1.193233989639915504e-01
6.750000000000000444e-01 1.103487505226306808e+01 1.216138771626254500e-01
7.750000000000001332e-01 8.588412659834977703e+00 1.239257006396109334e-01
8.750000000000002220e-01 6.360961894245876103e+00 1.260414086562233194e-01
9.750000000000000888e-01 4.534056606220019603e+00 1.282333452091784232e-01
1.074999999999999956e+00 3.054906511011472592e+00 1.303213134556684416e-01
1.175000000000000044e+00 1.945167019031545985e+00 1.324003910296873421e-01
1.275000000000000133e+00 1.122669688079708461e+00 1.345418882526699111e-01
1.375000000000000222e+00 5.706425186566377317e-01 1.366868428964375104e-01
1.475000000000000089e+00 1.491126699516727994e-01 1.387589245707482877e-01
1.574999999999999956e+00 0.000000000000000000e+00 1.407892645028705481e-01
1.675000000000000044e+00 4.319232141545279596e-02 1.428557601616267103e-01
1.775000000000000133e+00 2.145313995736111423e-01 1.448950072249187704e-01
1.875000000000000000e+00 4.660879780741941092e-01 1.469456671912527379e-01
