-1.925000000000000044e+00 1.610777288481608593e+01 4.081336552572654985e-02
-1.825000000000000178e+00 1.579005307097710009e+01 3.291282238919036179e-02
-1.725000000000000089e+00 1.567822317645688557e+01 2.247817343707663937e-02
-1.625000000000000000e+00 1.565859354820948290e+01 0.000000000000000000e+00
-1.525000000000000133e+00 1.603041540470203685e+01 2.264470816990974897e-02
-1.425000000000000044e+00 1.661545880144210585e+01 3.298124054553946971e-02
-1.324999999999999956e+00 1.755434289491688560e+01 4.106068053686354885e-02
-1.225000000000000089e+00 1.877237351449362279e+01 4.773416512699630437e-02
-1.125000000000000000e+00 2.034920520711428793e+01 5.385408475043093612e-02
-1.025000000000000133e+00 2.216000354317066723e+01 5.929867010750941581e-02
-9.250000000000000444e-01 2.414831487343689886e+01 6.435402441571248799e-02
-8.249999999999999556e-01 2.618965321551342385e+01 6.885707261356632802e-02
-7.249999999999999778e-01 2.822786161163721985e+01 7.325720949436037577e-02
-6.250000000000000000e-01 2.981826800786983256e+01 7.781617614206658151e-02
-5.250000000000000222e-01 3.035796896423729763e+01 8.114701039995798892e-02
-4.250000000000000444e-01 3.049950881404573622e+01 8.494751215879962902e-02
-3.249999999999999556e-01 3.031994378795260303e+01 8.861153600454703405e-02
-2.249999999999999778e-01 2.994365704479438861e+01 9.212108788189045383e-02
-1.250000000000000000e-01 2.919087556743953016e+01 9.549512005687062211e-02
-2.500000000000002220e-02 2.817341126441372978e+01 9.894426894250253623e-02
7.499999999999995559e-02 2.672524361668079962e+01 1.025883079910242107e-01
1.750000000000000444e-01 2.448599483792844111e+01 1.061758321266939725e-01
2.750000000000001332e-01 2.186214048689246070e+01 1.089760567382278694e-01
3.750000000000002220e-01 1.894761470374243828e+01 1.119496588608931281e-01
4.750000000000000888e-01 1.590815639446451790e+01 1.145194618747125970e-01
5.749999999999999556e-01 1.289343580461100913e+01 1.168800926175747185e-01
6.750000000000000444e-01 1.016370193564416091e+01 1.192989105621300450e-01
7.750000000000001332e-01 7.754669307001297085e+00 1.215764808131775676e-01
8.750000000000002220e-01 5.710027788685736461e+00 1.237442744379701753e-01
9.750000000000000888e-01 4.052760151776706010e+00 1.259953420659834511e-01
1.074999999999999956e+00 2.658055376965350547e+00 1.281273563607995547e-01
1.175000000000000044e+00 1.580755087775982171e+00 1.302789559041774292e-01
1.275000000000000133e+00 8.744728921717898062e-01 1.324337240252126680e-01
1.375000000000000222e+00 3.665407646517377382e-01 1.346117583109905924e-01
1.475000000000000089e+00 9.824170737084353400e-02 1.367279779551282826e-01
1.574999999999999956e+00 0.000000000000000000e+00 1.388127930080796657e-01
1.675000000000000044e+00 9.317873798930266516e-02 1.409178544134096489e-01
1.775000000000000133e+00 2.441321868714433074e-01 1.430078163807189939e-01
1.875000000000000000e+00 6.251710807430956862e-01 1.450716333961969973e-01
