-1.925000000000000044e+00 1.510586062231829985e+01 3.303596831865586447e-02
-1.825000000000000178e+00 1.455843895002220734e+01 2.246842129600560081e-02
-1.725000000000000089e+00 1.431409129798297286e+01 0.000000000000000000e+00
-1.625000000000000000e+00 1.437966996996443214e+01 2.225864087043119555e-02
-1.525000000000000133e+00 1.472556768016491979e+01 3.264838640851156631e-02
-1.425000000000000044e+00 1.531270492169731412e+01 4.076755319813909345e-02
-1.324999999999999956e+00 1.610781953387022369e+01 4.737372548291345770e-02
-1.225000000000000089e+00 1.729742709437752879e+01 5.348838854606326881e-02
-1.125000000000000000e+00 1.880046038188371682e+01 5.896666389906650430e-02
-1.025000000000000133e+00 2.052575536819725954e+01 6.392689136881683776e-02
-9.250000000000000444e-01 2.241815684072753356e+01 6.857913833190064368e-02
-8.249999999999999556e-01 2.426927278342606442e+01 7.290398983042793712e-02
-7.249999999999999778e-01 2.602255907580995142e+01 7.686255420034521224e-02
-6.250000000000000000e-01 2.771400718252488460e+01 8.090108311739267755e-02
-5.250000000000000222e-01 2.883497178249058379e+01 8.439327214126436660e-02
-4.250000000000000444e-01 2.918506895250576250e+01 8.801712216123730448e-02
-3.249999999999999556e-01 2.899515272020666856e+01 9.165938589262243030e-02
-2.249999999999999778e-01 2.859558715346737401e+01 9.502374007783220833e-02
-1.250000000000000000e-01 2.793271216109681276e+01 9.830457791265007073e-02
-2.500000000000002220e-02 2.696625047644781858e+01 1.016217386395174282e-01
7.499999999999995559e-02 2.567795193069804682e+01 1.049915518857196250e-01
1.750000000000000444e-01 2.370803690424618537e+01 1.083424294069376959e-01
2.750000000000001332e-01 2.130536244201114116e+01 1.116587401513082500e-01
3.750000000000002220e-01 1.848327696411740817e+01 1.144124664915966982e-01
4.750000000000000888e-01 1.560283804201382907e+01 1.168662765268702469e-01
5.749999999999999556e-01 1.270922788018570593e+01 1.193322177216554342e-01
6.750000000000000444e-01 9.953245373598042178e+00 1.216244780736540909e-01
7.750000000000001332e-01 7.596096678070471953e+00 1.237914777262215382e-01
8.750000000000002220e-01 5.590955110574981290e+00 1.260238452546946220e-01
9.750000000000000888e-01 3.973858654289800896e+00 1.281876150645089030e-01
1.074999999999999956e+00 2.583360989104711791e+00 1.303360808962834294e-01
1.175000000000000044e+00 1.562307691366442652e+00 1.324017424243305041e-01
1.275000000000000133e+00 8.369858124096987151e-01 1.345732265244333481e-01
1.375000000000000222e+00 3.409090422308092005e-01 1.367125602478807267e-01
1.475000000000000089e+00 4.226770854306716868e-02 1.387825953259828327e-01
1.574999999999999956e+00 0.000000000000000000e+00 1.408446627805245155e-01
1.675000000000000044e+00 4.405666277252490159e-02 1.429201306310439179e-01
1.775000000000000133e+00 1.895703869989104895e-01 1.449669204527707644e-01
1.875000000000000000e+00 5.330963686771567067e-01 1.469670743685617675e-01
