-1.925000000000000044e+00 1.837952363925583299e+01 4.104898273036181044e-02
-1.825000000000000178e+00 1.785851413506783203e+01 3.294495391801336576e-02
-1.725000000000000089e+00 1.757556414687104862e+01 2.257248458053780216e-02
-1.625000000000000000e+00 1.751949068799039821e+01 0.000000000000000000e+00
-1.525000000000000133e+00 1.770294802959507763e+01 2.246745801953618088e-02
-1.425000000000000044e+00 1.812436004004206680e+01 3.283600370750987263e-02
-1.324999999999999956e+00 1.880575167944042647e+01 4.085362413946053844e-02
-1.225000000000000089e+00 1.972093444467143897e+01 4.749715510882482339e-02
-1.125000000000000000e+00 2.105084389698765790e+01 5.358962902239039483e-02
-1.025000000000000133e+00 2.266417513887628843e+01 5.914564665515347625e-02
-9.250000000000000444e-01 2.437589130782805213e+01 6.383114492039243526e-02
-8.249999999999999556e-01 2.640739529602080182e+01 6.891514617254436426e-02
-7.249999999999999778e-01 2.808595571097734123e+01 7.308050829491098688e-02
-6.250000000000000000e-01 2.935150717204527382e+01 7.678606922101847976e-02
-5.250000000000000222e-01 3.029508920193286059e+01 8.079427880129996797e-02
-4.250000000000000444e-01 3.044474665263013335e+01 8.452479965177209231e-02
-3.249999999999999556e-01 3.029749226683652097e+01 8.823351044242980223e-02
-2.249999999999999778e-01 2.988468935207798793e+01 9.176122717168717913e-02
-1.250000000000000000e-01 2.916015086502988396e+01 9.523806491209484137e-02
-2.500000000000002220e-02 2.820573871579941994e+01 9.855867859304824619e-02
7.499999999999995559e-02 2.663602324246349085e+01 1.022408130094581702e-01
1.750000000000000444e-01 2.458869219962312513e+01 1.055388573574986971e-01
2.750000000000001332e-01 2.216023867176221174e+01 1.088846762416950109e-01
3.750000000000002220e-01 1.929903852886373272e+01 1.114529220256853248e-01
4.750000000000000888e-01 1.651539007096748435e+01 1.140515235012216910e-01
5.749999999999999556e-01 1.373759149804898705e+01 1.165347931319261482e-01
6.750000000000000444e-01 1.104869115295989346e+01 1.189615996825904853e-01
7.750000000000001332e-01 8.635673356823522440e+00 1.212329557588837092e-01
8.750000000000002220e-01 6.593532699928438490e+00 1.234620518709240999e-01
9.750000000000000888e-01 4.862063423244141092e+00 1.257171143899785404e-01
1.074999999999999956e+00 3.396880518570243090e+00 1.278879494913345849e-01
1.175000000000000044e+00 2.265891738682515033e+00 1.300517170497402231e-01
1.275000000000000133e+00 1.318621287681737142e+00 1.322459767338745040e-01
1.375000000000000222e+00 7.473645313449801542e-01 1.343634268489107275e-01
1.475000000000000089e+00 2.979581491211918398e-01 1.365410360870428497e-01
1.574999999999999956e+00 3.668162546470674773e-02 1.386042728884683273e-01
1.675000000000000044e+00 0.000000000000000000e+00 1.406720712826914355e-01
1.775000000000000133e+00 2.346500465743635577e-01 1.427539591158308863e-01
1.875000000000000000e+00 5.669763044426768817e-01 1.448424213011886286e-01
