-1.925000000000000044e+00 1.658329087298663751e+01 3.313694940525101218e-02
-1.825000000000000178e+00 1.615099101631177092e+01 2.249366316801345786e-02
-1.725000000000000089e+00 1.591907116982477532e+01 0.000000000000000000e+00
-1.625000000000000000e+00 1.600848383921069029e+01 2.240297110392068525e-02
-1.525000000000000133e+00 1.623208052771788346e+01 3.287358697976953958e-02
-1.425000000000000044e+00 1.671131047054612040e+01 4.078406138673560527e-02
-1.324999999999999956e+00 1.745825069118510342e+01 4.744637416926681533e-02
-1.225000000000000089e+00 1.846211334657524716e+01 5.332807026328519051e-02
-1.125000000000000000e+00 1.980084656444053692e+01 5.890348533657737556e-02
-1.025000000000000133e+00 2.137486650417103107e+01 6.384247218963068349e-02
-9.250000000000000444e-01 2.319447158709891355e+01 6.851842493498491726e-02
-8.249999999999999556e-01 2.508393095449091703e+01 7.295162517440589856e-02
-7.249999999999999778e-01 2.682915950182811926e+01 7.696654820262083252e-02
-6.250000000000000000e-01 2.822635087310305835e+01 8.081746463812521097e-02
-5.250000000000000222e-01 2.893535900921895987e+01 8.426911515259929986e-02
-4.250000000000000444e-01 2.912327220586940513e+01 8.797180710028947026e-02
-3.249999999999999556e-01 2.884345612316103669e+01 9.155002852343392672e-02
-2.249999999999999778e-01 2.841462631830415475e+01 9.485875014312258879e-02
-1.250000000000000000e-01 2.776740891975281045e+01 9.817693639133527606e-02
-2.500000000000002220e-02 2.673294384681458169e+01 1.014830222435750690e-01
7.499999999999995559e-02 2.541412594133806735e+01 1.047590830453468402e-01
1.750000000000000444e-01 2.362590934016614597e+01 1.079738166035445479e-01
2.750000000000001332e-01 2.136904111850677168e+01 1.115466547101353068e-01
3.750000000000002220e-01 1.850444398231607224e+01 1.140005831180166962e-01
4.750000000000000888e-01 1.574291083921333723e+01 1.166000950778949274e-01
5.749999999999999556e-01 1.296967228919848480e+01 1.190344884762767480e-01
6.750000000000000444e-01 1.036669572750899704e+01 1.214368791491036853e-01
7.750000000000001332e-01 7.987440476931556788e+00 1.236538020184639458e-01
8.750000000000002220e-01 5.897327379764170985e+00 1.258328057761969876e-01
9.750000000000000888e-01 4.261081516729486651e+00 1.279194075747377701e-01
1.074999999999999956e+00 2.871322117624698578e+00 1.301716609919167933e-01
1.175000000000000044e+00 1.786953297253907724e+00 1.322772695947561361e-01
1.275000000000000133e+00 9.788545736100072725e-01 1.343963312097372076e-01
1.375000000000000222e+00 3.759166150306034182e-01 1.365255391345675806e-01
1.475000000000000089e+00 9.976269849365280995e-02 1.385734890955357956e-01
1.574999999999999956e+00 0.000000000000000000e+00 1.406488138933451038e-01
1.675000000000000044e+00 1.150325165619466433e-01 1.427358363798159613e-01
1.775000000000000133e+00 2.958307218985031239e-01 1.447907948113380805e-01
1.875000000000000000e+00 6.139883441129116992e-01 1.468489278641208484e-01
