-1.925000000000000044e+00 1.735283918054292940e+01 4.088084023111256127e-02
-1.825000000000000178e+00 1.690548408806692393e+01 3.284283123700167811e-02
-1.725000000000000089e+00 1.659076936042805883e+01 2.248909007945813082e-02
-1.625000000000000000e+00 1.650538640347135555e+01 0.000000000000000000e+00
-1.525000000000000133e+00 1.666144642190107561e+01 2.227886048374042721e-02
-1.425000000000000044e+00 1.723385976240763284e+01 3.276994586305805729e-02
-1.324999999999999956e+00 1.810590916749227475e+01 4.089560606644129792e-02
-1.225000000000000089e+00 1.922657331061391872e+01 4.761622832034247826e-02
-1.125000000000000000e+00 2.069082911594562546e+01 5.380414089521098203e-02
-1.025000000000000133e+00 2.230405587390012201e+01 5.900476819632037573e-02
-9.250000000000000444e-01 2.425814674921542746e+01 6.415384887474165354e-02
-8.249999999999999556e-01 2.620883186638495133e+01 6.874345744542659231e-02
-7.249999999999999778e-01 2.804748022640670868e+01 7.320583108496861446e-02
-6.250000000000000000e-01 2.932211482960322257e+01 7.719304501241475158e-02
-5.250000000000000222e-01 2.986187351559717840e+01 8.092809428433007934e-02
-4.250000000000000444e-01 2.987885735141045629e+01 8.478496253545114714e-02
-3.249999999999999556e-01 2.968695411610416457e+01 8.840551346132918820e-02
-2.249999999999999778e-01 2.917736304783938905e+01 9.199427122008861646e-02
-1.250000000000000000e-01 2.840963114337560569e+01 9.539564042793297061e-02
-2.500000000000002220e-02 2.741800562333703439e+01 9.872951477594966996e-02
7.499999999999995559e-02 2.597902911268012005e+01 1.023718685605034817e-01
1.750000000000000444e-01 2.408640286227420901e+01 1.055817150206430771e-01
2.750000000000001332e-01 2.172966020839194456e+01 1.090264929210538192e-01
3.750000000000002220e-01 1.892526617369287578e+01 1.117694689567544780e-01
4.750000000000000888e-01 1.605264986247853543e+01 1.143833239930233669e-01
5.749999999999999556e-01 1.317775895773747763e+01 1.167409826627543445e-01
6.750000000000000444e-01 1.038455216538072001e+01 1.191857494566702924e-01
7.750000000000001332e-01 8.016997600470318730e+00 1.214987399968387866e-01
8.750000000000002220e-01 6.022618214865598674e+00 1.236796697461264860e-01
9.750000000000000888e-01 4.325672261442508493e+00 1.258637598557340587e-01
1.074999999999999956e+00 2.889762955620148066e+00 1.281502661285605082e-01
1.175000000000000044e+00 1.813638090260626168e+00 1.302073349988063788e-01
1.275000000000000133e+00 1.035715924698291879e+00 1.323844179919281272e-01
1.375000000000000222e+00 4.564920144518073153e-01 1.346118420716485853e-01
1.475000000000000089e+00 8.286140216116003043e-02 1.366797014832807911e-01
1.574999999999999956e+00 0.000000000000000000e+00 1.387832809154939673e-01
1.675000000000000044e+00 4.551749106024641917e-02 1.408702740201329406e-01
1.775000000000000133e+00 2.902632388759349147e-01 1.429377923879952550e-01
1.875000000000000000e+00 6.520413297755837112e-01 1.450141211671455987e-01
