-1.925000000000000044e+00 1.864416303365468153e+01 4.117762559033407571e-02
-1.825000000000000178e+00 1.825794914068239549e+01 3.302654164967590983e-02
-1.725000000000000089e+00 1.808294718767453801e+01 2.261798340448495717e-02
-1.625000000000000000e+00 1.804874192680617639e+01 0.000000000000000000e+00
-1.525000000000000133e+00 1.826091838597008632e+01 2.253330381738840107e-02
-1.425000000000000044e+00 1.871835646050618607e+01 3.281098973309547889e-02
-1.324999999999999956e+00 1.946761395922644411e+01 4.087118395994360914e-02
-1.225000000000000089e+00 2.051231707775549751e+01 4.769716751754986273e-02
-1.125000000000000000e+00 2.182214152077209945e+01 5.368516659664284568e-02
-1.025000000000000133e+00 2.337664108911393868e+01 5.899340080088300020e-02
-9.250000000000000444e-01 2.519372202340064604e+01 6.432891816358086989e-02
-8.249999999999999556e-01 2.682319088612264579e+01 6.873150918364857864e-02
-7.249999999999999778e-01 2.834743183489768370e+01 7.305350424168081946e-02
-6.250000000000000000e-01 2.946649779097344535e+01 7.706274053766645760e-02
-5.250000000000000222e-01 2.989513344153757757e+01 8.084608275276095046e-02
-4.250000000000000444e-01 2.992268647578919172e+01 8.469590666687473735e-02
-3.249999999999999556e-01 2.959287359574268450e+01 8.837397187850412617e-02
-2.249999999999999778e-01 2.912490503700669819e+01 9.176763265828774552e-02
-1.250000000000000000e-01 2.847411398795505733e+01 9.517434645637576351e-02
-2.500000000000002220e-02 2.754319109319125758e+01 9.852983299425885355e-02
7.499999999999995559e-02 2.635980021197128664e+01 1.018004814453270651e-01
1.750000000000000444e-01 2.460816456927350870e+01 1.054102877343986860e-01
2.750000000000001332e-01 2.230360584854380335e+01 1.085525535208016479e-01
3.750000000000002220e-01 1.970031106955151401e+01 1.115524591647789748e-01
4.750000000000000888e-01 1.682366207177270212e+01 1.141186805021237594e-01
5.749999999999999556e-01 1.393566864144682071e+01 1.165679795637239863e-01
6.750000000000000444e-01 1.113714746687489665e+01 1.190086440186240851e-01
7.750000000000001332e-01 8.665190562227127913e+00 1.213517642471069052e-01
8.750000000000002220e-01 6.520836278599883684e+00 1.235046945194756690e-01
9.750000000000000888e-01 4.807966323863680280e+00 1.257109024550705778e-01
1.074999999999999956e+00 3.263103606207355512e+00 1.279331671480856136e-01
1.175000000000000044e+00 2.068441807928095511e+00 1.301022814563680685e-01
1.275000000000000133e+00 1.110022742312144706e+00 1.321888510792589011e-01
1.375000000000000222e+00 5.653931767660332897e-01 1.343655817700539212e-01
1.475000000000000089e+00 1.678218298382963269e-01 1.364833820424001809e-01
1.574999999999999956e+00 0.000000000000000000e+00 1.385599399327098191e-01
1.675000000000000044e+00 5.125415162854916190e-02 1.406284900206773714e-01
1.775000000000000133e+00 2.594941388343562361e-01 1.427323534334601907e-01
1.875000000000000000e+00 5.182671537311098753e-01 1.447835480747874937e-01
