-1.925000000000000044e+00 1.660640004480269027e+01 3.308793532795613335e-02
-1.825000000000000178e+00 1.628518681970172111e+01 2.285626415229796357e-02
-1.725000000000000089e+00 1.608308960967152501e+01 0.000000000000000000e+00
-1.625000000000000000e+00 1.608834965423467267e+01 2.226593517797172475e-02
-1.525000000000000133e+00 1.642574262542879282e+01 3.260529448060888597e-02
-1.425000000000000044e+00 1.703000558858686020e+01 4.061582220400053456e-02
-1.324999999999999956e+00 1.791783245589942553e+01 4.761898067903441029e-02
-1.225000000000000089e+00 1.891921565323922749e+01 5.332900809302515421e-02
-1.125000000000000000e+00 2.032289284428204112e+01 5.884390707922253216e-02
-1.025000000000000133e+00 2.190268912927584566e+01 6.381907676106676752e-02
-9.250000000000000444e-01 2.370139711965051532e+01 6.841356671212774077e-02
-8.249999999999999556e-01 2.566644333778999609e+01 7.309980682278235942e-02
-7.249999999999999778e-01 2.713229934992027736e+01 7.679186800186524331e-02
-6.250000000000000000e-01 2.819485501209569733e+01 8.041780381929490573e-02
-5.250000000000000222e-01 2.895966324482262166e+01 8.426657144129551247e-02
-4.250000000000000444e-01 2.908735763387010209e+01 8.792489453770230279e-02
-3.249999999999999556e-01 2.887347757908833401e+01 9.148750692660448380e-02
-2.249999999999999778e-01 2.844159009852180731e+01 9.482271442601150624e-02
-1.250000000000000000e-01 2.779989183968910282e+01 9.814698440743946373e-02
-2.500000000000002220e-02 2.692410534708225001e+01 1.013275329295197508e-01
7.499999999999995559e-02 2.578221520071445028e+01 1.045901064145621645e-01
1.750000000000000444e-01 2.426523450148853556e+01 1.078499352606669126e-01
2.750000000000001332e-01 2.207018999865268682e+01 1.114303017248251398e-01
3.750000000000002220e-01 1.927144788143257514e+01 1.140697310333882858e-01
4.750000000000000888e-01 1.653615470178745639e+01 1.166923996992124540e-01
5.749999999999999556e-01 1.360363329847384151e+01 1.191089357129438420e-01
6.750000000000000444e-01 1.081574441266608666e+01 1.214309738445700365e-01
7.750000000000001332e-01 8.395600535152142996e+00 1.236807020552267711e-01
8.750000000000002220e-01 6.358812136716919916e+00 1.258950107944568353e-01
9.750000000000000888e-01 4.568949534360992715e+00 1.280264103977233614e-01
1.074999999999999956e+00 3.178280012841854241e+00 1.301333116538249401e-01
1.175000000000000044e+00 2.119505048144620041e+00 1.322693967119471792e-01
1.275000000000000133e+00 1.268438976033557708e+00 1.344621819171484267e-01
1.375000000000000222e+00 7.099238354481162139e-01 1.365633363989540994e-01
1.475000000000000089e+00 2.838369411196691727e-01 1.386855694009933582e-01
1.574999999999999956e+00 8.596015808103246725e-02 1.407215662084222163e-01
1.675000000000000044e+00 0.000000000000000000e+00 1.428289517100262140e-01
1.775000000000000133e+00 9.094210457846081674e-02 1.448629249736757829e-01
1.875000000000000000e+00 4.266107328667870791e-01 1.468858213224355225e-01
